# pytorch neural network ReLU CrossEntropyLoss SGD:
#  unit=[80, 40, 20],batch=64,lr=1e-02,momentum=0.5,epoch=128
0.70351134 0.68504315 0.68250157 0.70872272 0.67433901 0.70036031 0.68561058 0.66350185 0.67271044 0.69345473
0.58618067 0.53766439 0.58324380 0.58289243 0.56198849 0.58493405 0.54435778 0.54647085 0.54248245 0.58073418
0.48511853 0.42650254 0.48492167 0.46643193 0.45911813 0.47344067 0.43196894 0.44119748 0.41515971 0.47648512
0.40448924 0.39814575 0.41763812 0.39767150 0.40588625 0.40262484 0.39678530 0.40124058 0.38528721 0.41153843
0.38944131 0.38834029 0.39637282 0.38750361 0.38994335 0.38910695 0.38469935 0.38705039 0.37486101 0.39292053
0.37882915 0.38130223 0.38778588 0.37705301 0.38571916 0.37977406 0.37707276 0.38059107 0.37008314 0.38377845
0.37299095 0.37289563 0.38312989 0.37133678 0.37717001 0.37549291 0.37234981 0.37408276 0.36539679 0.37685930
0.36864341 0.36963500 0.37709396 0.36734890 0.37213995 0.37237463 0.36627162 0.36976697 0.36074150 0.37256513
0.36537497 0.36493614 0.37363358 0.36282132 0.36761153 0.36705933 0.36240166 0.36695759 0.35755998 0.36798915
0.36440002 0.36294357 0.36974605 0.35944180 0.36535561 0.36255970 0.36082850 0.36364069 0.35517065 0.36500070
0.36061718 0.35994146 0.36612306 0.35769656 0.36204688 0.36041216 0.35712528 0.36056033 0.35668119 0.36156635
0.35780180 0.35703377 0.36415129 0.35567410 0.35927405 0.35846598 0.35786758 0.36287766 0.35347689 0.35963427
0.35544330 0.35476418 0.36111179 0.35428888 0.35749885 0.35631221 0.35552619 0.35845618 0.35002151 0.35714972
0.35441140 0.35745505 0.36115731 0.35315851 0.35755624 0.35450561 0.35179560 0.35511859 0.34719399 0.35561264
0.35425830 0.35472906 0.36828447 0.35040151 0.35425095 0.35306553 0.35007253 0.35274545 0.34629724 0.35380881
0.35065640 0.34963134 0.35893166 0.34767594 0.35115219 0.35308649 0.34719437 0.35061113 0.34586361 0.35360814
0.34972646 0.34790868 0.35445776 0.34640211 0.35012940 0.35019987 0.34621726 0.34897794 0.34295222 0.35043168
0.34965371 0.34974011 0.35333892 0.34498422 0.34805302 0.35023194 0.34424196 0.35718273 0.34169040 0.35110437
0.34713778 0.34531530 0.35138951 0.34827206 0.34587896 0.34688480 0.34386837 0.35227094 0.34011166 0.34822295
0.34533666 0.34330589 0.35056876 0.34493706 0.34397365 0.34648690 0.34118458 0.34599301 0.33887398 0.34798911
0.34480111 0.34159502 0.34877620 0.34180255 0.34239718 0.34392103 0.33932457 0.34703834 0.33752361 0.34551025
0.34631236 0.34033721 0.34731301 0.34065270 0.34614609 0.34353749 0.33828007 0.34387544 0.33716565 0.34373491
0.34501226 0.33903746 0.34709336 0.34013326 0.34210785 0.34228064 0.33696692 0.34048652 0.33596119 0.34313171
0.34297439 0.33778461 0.34520679 0.33879814 0.33838320 0.34186468 0.33532356 0.33900849 0.33430987 0.34247507
0.34037839 0.33553133 0.34323269 0.33635512 0.34042265 0.33936563 0.33367675 0.33767936 0.33259552 0.34108741
0.33930568 0.33378744 0.34209596 0.33528515 0.33894583 0.33658727 0.33260795 0.33633920 0.33128710 0.33908946
0.33715855 0.33232479 0.34017937 0.33322640 0.33588940 0.33532131 0.33154427 0.33544028 0.32966716 0.33792963
0.34131136 0.33203794 0.33892142 0.33245297 0.33237831 0.33652688 0.32966819 0.33838510 0.32972231 0.33661580
0.34352165 0.33214935 0.33817983 0.33031373 0.33086249 0.33547619 0.32793255 0.33284486 0.32824880 0.33472494
0.33416712 0.33076602 0.33658578 0.32890463 0.32986816 0.33031542 0.32698026 0.33145177 0.32599334 0.33460285
0.33260449 0.32779300 0.33675912 0.32769975 0.32854632 0.33118782 0.32515439 0.32823845 0.32441616 0.33271503
0.33212448 0.32566879 0.33571640 0.32658686 0.32833045 0.32940554 0.32566379 0.32938296 0.32588682 0.33201151
0.33066206 0.32483817 0.33243153 0.32676114 0.32680805 0.32933493 0.32325029 0.32732167 0.32703530 0.33065461
0.32882497 0.32300063 0.33060738 0.32630648 0.32940541 0.32624682 0.32261218 0.32372832 0.32106553 0.33000537
0.32761365 0.32207111 0.32936672 0.32308349 0.32917369 0.32253530 0.32114269 0.32278564 0.31899582 0.32789295
0.32844363 0.32077456 0.32767471 0.32562506 0.32691666 0.32142803 0.31984714 0.32215434 0.31737003 0.32651001
0.32563627 0.32297003 0.32617014 0.32155911 0.32058417 0.31937979 0.31843287 0.32383118 0.31613236 0.32473693
0.32448132 0.32371117 0.32435529 0.31878449 0.31998958 0.31886885 0.31597094 0.32203418 0.31498834 0.32404708
0.32304188 0.31641391 0.32281191 0.31773415 0.31728135 0.31656273 0.31434288 0.32120765 0.31884404 0.32194115
0.32159686 0.31961753 0.32178142 0.31603045 0.31638659 0.31753111 0.31809732 0.31643647 0.32889002 0.32086022
0.32001130 0.31362332 0.31981537 0.31567289 0.32303699 0.31759964 0.33289973 0.31509421 0.31285745 0.32043584
0.32113027 0.31239485 0.31953190 0.31273652 0.32658341 0.31642333 0.31275574 0.31306353 0.31176251 0.31873674
0.31817134 0.31192749 0.32192500 0.31139785 0.31260601 0.31322871 0.31163943 0.31175813 0.30950970 0.31706285
0.31796730 0.30941777 0.31691497 0.31110434 0.31171649 0.31058238 0.30861551 0.31090941 0.30657406 0.31769697
0.31943765 0.30894583 0.31563325 0.31056532 0.31074274 0.30892386 0.30658283 0.30919480 0.30501554 0.31463672
0.31621101 0.30781882 0.31730957 0.30948086 0.30800073 0.30779011 0.31288207 0.31161236 0.30386692 0.31377059
0.31364542 0.30641867 0.31489274 0.31175204 0.31075441 0.30621277 0.32292901 0.30743446 0.30184217 0.31344431
0.31258534 0.31076218 0.31896099 0.32492673 0.30768800 0.30526726 0.30485006 0.30452021 0.29963783 0.31206216
0.31191643 0.30305269 0.30869796 0.30925624 0.30476405 0.30337866 0.30407760 0.30274667 0.29895311 0.30978504
0.31085855 0.30203767 0.30723672 0.30480734 0.30271543 0.30221221 0.30109420 0.30110141 0.29933432 0.30894093
0.31095271 0.30514263 0.30645821 0.30254312 0.30142657 0.30062697 0.29882669 0.29954491 0.30295167 0.30761180
0.31040495 0.30293265 0.30397236 0.30115531 0.30080509 0.29950091 0.29943947 0.29925063 0.29782590 0.30737914
0.31123850 0.29787907 0.30337127 0.29972415 0.30004138 0.30477297 0.29713401 0.30054242 0.30235127 0.30655097
0.30763950 0.29725456 0.30245435 0.29899532 0.29662052 0.32478793 0.29695793 0.29844005 0.29816167 0.30403007
0.30341718 0.29640076 0.30316893 0.29701077 0.29648997 0.29830936 0.30050569 0.29558821 0.29540587 0.30360796
0.30289538 0.29557923 0.30021738 0.29885789 0.29581628 0.29619079 0.30270716 0.29754446 0.29915303 0.30277578
0.30274971 0.29468955 0.29924633 0.30501949 0.29406001 0.29352255 0.29495311 0.29268707 0.28951286 0.30022398
0.30150942 0.30238485 0.29643480 0.29463266 0.29256397 0.29309655 0.29281542 0.29216392 0.28857978 0.30049054
0.30211677 0.29445188 0.29421733 0.29391121 0.29536735 0.29133063 0.29498836 0.29083147 0.28542638 0.29797734
0.30275123 0.29058499 0.29436979 0.29213727 0.29216397 0.29333757 0.28963875 0.28954696 0.28654763 0.29650520
0.29696724 0.28911753 0.29196655 0.29358046 0.29079209 0.31479980 0.28923577 0.28667432 0.28461616 0.29593031
0.29622575 0.28692942 0.29089076 0.28934494 0.28769570 0.29437163 0.28736128 0.29486668 0.28665076 0.29579377
0.30078932 0.28607181 0.28942134 0.28836481 0.28697824 0.28856706 0.29062028 0.32604479 0.28222830 0.29353969
0.30117302 0.28479943 0.28828304 0.29201095 0.28597618 0.28669399 0.28620256 0.28485301 0.27956972 0.29220025
0.29453162 0.28351674 0.29126861 0.28812043 0.28431675 0.28485276 0.28435228 0.28484984 0.27935775 0.29316606
0.29266894 0.28280582 0.28706118 0.28658045 0.28283607 0.28341066 0.28292090 0.28276949 0.27765966 0.29163189
0.29158265 0.28153507 0.28411227 0.29428273 0.28052359 0.28255715 0.28083353 0.27935860 0.27609141 0.29019640
0.29106288 0.28220764 0.28293312 0.28400061 0.28005107 0.28167056 0.27960956 0.27901493 0.27424812 0.28815624
0.28941796 0.28145794 0.28710748 0.28375976 0.27824772 0.27933881 0.27934226 0.27790607 0.27224918 0.28695752
0.29736710 0.27849584 0.28023900 0.27988995 0.27903067 0.27761013 0.28090250 0.27637673 0.27266026 0.28683575
0.31488978 0.27612555 0.28080363 0.27888353 0.28003304 0.27677462 0.27793960 0.27365192 0.27374275 0.28544735
0.29369426 0.27355712 0.27966108 0.27819345 0.30185124 0.27694857 0.28619520 0.27262636 0.27057188 0.28393999
0.29185735 0.27359225 0.27742149 0.28262807 0.27865887 0.27571235 0.28181097 0.27197545 0.26919700 0.28188595
0.28620942 0.27342620 0.27662161 0.27757895 0.27727778 0.27746662 0.27407352 0.27525226 0.26835609 0.28059224
0.28655350 0.27242696 0.28785290 0.27527391 0.27368930 0.28737621 0.27375102 0.27183223 0.26679186 0.28049018
0.28364645 0.27479039 0.27661778 0.27303550 0.27167499 0.27399533 0.27088837 0.26884172 0.26445061 0.27900508
0.28145415 0.30887799 0.27516736 0.27165410 0.27149751 0.27194572 0.27213109 0.26828314 0.26419322 0.27793578
0.28145508 0.27287768 0.27033248 0.27242307 0.27022554 0.27034096 0.28317231 0.26621991 0.26247738 0.27805944
0.27779725 0.26912046 0.27020922 0.27295153 0.26772277 0.26870908 0.26844862 0.27385810 0.26175999 0.27416349
0.27742835 0.27777419 0.26848358 0.26931786 0.26667486 0.26795033 0.26639079 0.26654014 0.26109183 0.27313307
0.27624035 0.27655620 0.26749189 0.26732492 0.26632582 0.26874439 0.27118951 0.29274313 0.25857021 0.27206763
0.27400218 0.26623151 0.26599935 0.26586965 0.26648012 0.27298165 0.26537202 0.26379682 0.25766497 0.27146967
0.27446587 0.26486769 0.26649883 0.26645942 0.27082881 0.26506623 0.27129240 0.26185125 0.25889614 0.27099418
0.27218736 0.26832056 0.26643719 0.26518173 0.27954262 0.26327342 0.26220624 0.26772192 0.26758441 0.27112265
0.27131643 0.32199572 0.28851463 0.26771650 0.26369064 0.26164510 0.26196953 0.26754150 0.28683708 0.26767692
0.27076996 0.26997779 0.26426566 0.26273013 0.26020115 0.26601228 0.25905051 0.25679768 0.25720717 0.26635629
0.27310395 0.26490586 0.26230918 0.27018392 0.26204794 0.27918848 0.25963607 0.25947526 0.25219637 0.26547264
0.26768680 0.26240223 0.26277536 0.31030926 0.25882403 0.26296522 0.25738770 0.25757415 0.25183042 0.26512407
0.26695984 0.25897492 0.25937874 0.26713173 0.26122539 0.26731387 0.25574904 0.26712135 0.25016319 0.26331874
0.26676509 0.25871935 0.25740871 0.26420535 0.26446005 0.25601701 0.25530377 0.25422053 0.24847812 0.26199339
0.26695289 0.25565502 0.25662399 0.27081635 0.25683267 0.25571020 0.25608645 0.25539375 0.24884809 0.26277246
0.26643779 0.25532913 0.26312578 0.25954396 0.25472987 0.25737279 0.26428452 0.24893461 0.24820909 0.26027574
0.26232013 0.25308335 0.25446060 0.25717231 0.25304440 0.25188713 0.25126654 0.24735782 0.24607238 0.25986299
0.26230912 0.25221954 0.25420034 0.25343902 0.25223512 0.25265342 0.25255267 0.24777381 0.24409278 0.25904388
0.28475809 0.25582954 0.25154526 0.25364081 0.25147206 0.25094837 0.25096595 0.26902970 0.24517515 0.25703242
0.26011880 0.24818073 0.25370225 0.25742880 0.25867161 0.25010868 0.24804356 0.25222395 0.24414777 0.25804385
0.25910395 0.24851945 0.25177251 0.25200893 0.24869697 0.24727341 0.24702071 0.24526196 0.24097430 0.25410013
0.26191969 0.24623251 0.25276157 0.25760656 0.25603370 0.24732209 0.24739347 0.24406673 0.23961690 0.25254378
0.26025751 0.24538265 0.24885838 0.25041490 0.24672429 0.25097317 0.24481758 0.24213088 0.23985776 0.25237895
0.33338337 0.24600693 0.24951008 0.24713115 0.24735749 0.24541794 0.24527509 0.24058323 0.23836635 0.25429787
0.26520536 0.24230066 0.24506072 0.24638919 0.24879144 0.24520878 0.24375479 0.23964531 0.23619567 0.25238359
0.26425118 0.24401605 0.24799984 0.24507501 0.24671575 0.24576714 0.24329182 0.23786316 0.23725682 0.25167199
0.27441058 0.24342797 0.24423929 0.24411679 0.25092122 0.25328927 0.24186981 0.23770599 0.23650719 0.24752871
0.25455403 0.24078919 0.24272881 0.24257065 0.24254998 0.31640686 0.24020779 0.24983153 0.23533481 0.24836050
0.25148813 0.24177158 0.24798628 0.24660027 0.24124647 0.25437938 0.24049921 0.23528081 0.23235473 0.24644980
0.25003639 0.24227655 0.24250550 0.24375236 0.24081494 0.24699046 0.23984334 0.23817668 0.23112780 0.24415530
0.24844885 0.23864098 0.25131007 0.24270970 0.23829105 0.24249009 0.24185553 0.24460688 0.23440848 0.24544436
0.24868060 0.23782560 0.29308129 0.28046206 0.23850578 0.24206076 0.23664736 0.23333782 0.29983552 0.24218697
0.24812465 0.23647578 0.24053377 0.23966808 0.23679184 0.23757691 0.23515605 0.23025828 0.23876533 0.24219921
0.25883133 0.23512052 0.23811909 0.24172443 0.23707117 0.23707885 0.23453496 0.22949980 0.23599447 0.24268358
0.24951761 0.24305071 0.23861781 0.24782023 0.25242423 0.23567110 0.23381198 0.22799988 0.23012747 0.24242425
0.25987428 0.23258682 0.23863860 0.23836867 0.25791620 0.23497929 0.23067228 0.22866019 0.22862341 0.24017600
0.24182760 0.23125447 0.27017847 0.23456763 0.23607885 0.23407640 0.23224525 0.22692773 0.22739040 0.24119274
0.23982136 0.23149969 0.23695541 0.24026665 0.23139695 0.23193797 0.23061391 0.25826453 0.22577289 0.23911772
0.23889740 0.23312622 0.24063943 0.25836491 0.23197302 0.23618012 0.23680138 0.22751939 0.22408703 0.23601541
0.24146106 0.24291586 0.23312714 0.23339898 0.23103585 0.24146444 0.35068057 0.22593729 0.22319327 0.23717832
0.24574969 0.22984182 0.23796193 0.23434544 0.23214765 0.22946036 0.24983642 0.24302545 0.22354597 0.23456477
0.24224362 0.22685040 0.23339810 0.23653649 0.23115049 0.23803639 0.24214719 0.22253214 0.22226619 0.23785970
0.23557011 0.22838516 0.22973994 0.25102360 0.22859007 0.22715760 0.23673704 0.22049478 0.21950257 0.23360351
0.23182813 0.22475228 0.22893424 0.23735505 0.22594305 0.22780909 0.23050941 0.21978881 0.21986950 0.23001006
0.23307149 0.22671352 0.22821381 0.23088553 0.22553219 0.22680543 0.22900629 0.22174026 0.21935069 0.23140005
0.23249110 0.22559962 0.22772849 0.23531216 0.22627725 0.22461117 0.22385176 0.23335733 0.22814827 0.23042173
0.23014156 0.23777822 0.22721541 0.23187205 0.22458010 0.22358067 0.22533133 0.21749791 0.23769258 0.22987219
0.23299136 0.23823414 0.22487912 0.28789207 0.22350540 0.22387321 0.22140966 0.21756907 0.21674826 0.22770899
0.22940892 0.22161270 0.24008455 0.23836652 0.22279869 0.22215771 0.22041328 0.21465878 0.21630788 0.22857073
0.22708831 0.22109739 0.22369937 0.23090065 0.22447270 0.22045808 0.21961759 0.21555696 0.21463875 0.22623541
0.22584967 0.21937500 0.22517176 0.24227994 0.21990088 0.22207519 0.21975047 0.22391101 0.21398647 0.22462600
0.23125151 0.21842022 0.24384021 0.23050607 0.21715362 0.24305302 0.21651520 0.21355134 0.23972508 0.22298527
0.22181978 0.22021695 0.22647735 0.25905714 0.21773922 0.22117977 0.22623565 0.21193627 0.21223791 0.22176007
