# pytorch neural network ReLU CrossEntropyLoss SGD:
#  unit=[80, 40, 20],batch=64,lr=1e-02,momentum=0.5,epoch=128
0.28844577 0.57266176 0.71159738 0.29798436 0.71112263 0.34515947 0.64724416 0.71522295 0.70766973 0.47909385
0.71151108 0.71578401 0.71444601 0.71069103 0.71643144 0.71280593 0.71634513 0.71517974 0.71979803 0.71542609
0.73158097 0.78445339 0.71763992 0.75225514 0.74250078 0.74444300 0.77888560 0.77383572 0.79722905 0.73838186
0.80935735 0.81194699 0.79645216 0.81306916 0.81030685 0.81112695 0.81268072 0.81246495 0.81708318 0.80358142
0.81704003 0.82014763 0.81695366 0.82252145 0.81984550 0.82049292 0.81971598 0.82157195 0.82394576 0.81544769
0.82230568 0.82519746 0.82196039 0.82360047 0.82316887 0.82303941 0.82424790 0.82597435 0.82765764 0.82023734
0.82623333 0.82813239 0.82420474 0.82679445 0.82610387 0.82713974 0.82808924 0.82821876 0.82916826 0.82446599
0.82865036 0.82942724 0.82666492 0.82994521 0.83050627 0.82998836 0.83111054 0.83145583 0.83309597 0.82683927
0.83085155 0.83171481 0.82735550 0.83046311 0.83145583 0.83149898 0.83244854 0.83266431 0.83352757 0.82960087
0.83206010 0.83482242 0.82852089 0.83218956 0.83106738 0.83262116 0.83577192 0.83421814 0.83650565 0.83193094
0.83102423 0.83577192 0.82994521 0.83490872 0.83262116 0.83452028 0.83607405 0.83456343 0.83628988 0.83279395
0.83417499 0.83758467 0.83218956 0.83568561 0.83486557 0.83719623 0.83818895 0.83551300 0.83844793 0.83378643
0.83473605 0.83875006 0.83214641 0.83611721 0.83516771 0.83698046 0.83775735 0.83551300 0.83931112 0.83477885
0.83529717 0.84246188 0.83335489 0.83659202 0.83551300 0.83836162 0.83952695 0.83628988 0.84069228 0.83464938
0.83564246 0.84047651 0.83365703 0.83827525 0.83706677 0.83827525 0.83987224 0.83814579 0.84289354 0.83499461
0.83628988 0.84345460 0.83374339 0.84043336 0.83805948 0.83879322 0.84133971 0.83957011 0.84392941 0.83715212
0.83792996 0.84392941 0.83676463 0.84146923 0.84004492 0.84095126 0.84224612 0.83995855 0.84285039 0.83719528
0.83788681 0.84578532 0.83637619 0.84440416 0.84159869 0.84263456 0.84388626 0.84203029 0.84466314 0.83784252
0.83926797 0.84712332 0.83870691 0.84526736 0.84237558 0.84345460 0.84587163 0.83969963 0.84574217 0.83797193
0.84112394 0.84859079 0.84008807 0.84470630 0.84323883 0.84397256 0.84621692 0.84168500 0.84755492 0.84017259
0.84151238 0.85005826 0.84112394 0.84651905 0.84449047 0.84561265 0.84703702 0.84444731 0.84915191 0.84069037
0.84129655 0.84941083 0.84211659 0.84777075 0.84690750 0.84755492 0.85023093 0.84457678 0.84846133 0.84254587
0.84211659 0.85023093 0.84250510 0.85044670 0.84500843 0.84712332 0.85113728 0.84634644 0.84979928 0.84194177
0.84349775 0.85320902 0.84358412 0.84975612 0.84781390 0.84815919 0.85109413 0.84630322 0.85001510 0.84371090
0.84565586 0.85377014 0.84453362 0.85169840 0.84954035 0.84962666 0.85238898 0.85001510 0.85135311 0.84625673
0.84682119 0.85480601 0.84626007 0.85156888 0.84966981 0.85092151 0.85446072 0.84945399 0.85031724 0.84746492
0.84690750 0.85601449 0.84751177 0.85282058 0.85122359 0.85230267 0.85307956 0.85010141 0.85312271 0.84711975
0.84716648 0.85584188 0.84755492 0.85510814 0.85299325 0.85303640 0.85510814 0.85031724 0.85165524 0.84949297
0.84388626 0.85571235 0.84975612 0.85575551 0.85377014 0.85031724 0.85648930 0.85191417 0.85303640 0.84927726
0.84893608 0.85575551 0.85040355 0.85605764 0.85437441 0.85657561 0.85575551 0.85152572 0.85437441 0.85208201
0.85092151 0.85903579 0.85092151 0.85674822 0.85553974 0.85489231 0.85834521 0.85355431 0.85614401 0.85108954
0.85066253 0.85929477 0.85187101 0.85700721 0.85648930 0.85631663 0.85843152 0.85381329 0.85601449 0.85199571
0.85260475 0.86046010 0.85178471 0.85856098 0.85648930 0.85674822 0.85856098 0.85497862 0.85355431 0.85333335
0.85295004 0.85981268 0.85536706 0.85692090 0.85787046 0.85674822 0.86050326 0.85571235 0.85877681 0.85531825
0.85320902 0.85972637 0.85489231 0.85907894 0.85666192 0.86011481 0.86175495 0.85696405 0.85864735 0.85635382
0.85463333 0.86171174 0.85679138 0.86115068 0.85683459 0.86106437 0.86110753 0.85817254 0.86024427 0.85518879
0.85471964 0.86287713 0.85808623 0.86054641 0.85851783 0.86145282 0.86266130 0.85705036 0.85981268 0.85687160
0.85705036 0.85847467 0.85648930 0.86149597 0.86132330 0.86214340 0.86382669 0.85825890 0.86067593 0.85825241
0.85588503 0.86438775 0.85972637 0.86304975 0.86218655 0.86322242 0.86624366 0.85761148 0.86132330 0.85894281
0.85743880 0.86516464 0.85959685 0.86408561 0.86266130 0.86417198 0.86555308 0.86102122 0.85713667 0.85799354
0.85942423 0.86516464 0.86192757 0.86279082 0.86270446 0.86145282 0.85778409 0.86054641 0.86158228 0.85946065
0.85881996 0.86550993 0.86235917 0.86499202 0.85687774 0.86645949 0.86620051 0.86037380 0.86361086 0.86122978
0.85765463 0.86525100 0.86210024 0.86494887 0.86408561 0.86615735 0.86594158 0.86464673 0.86352456 0.86239481
0.86058956 0.86835861 0.86201388 0.86399931 0.86550993 0.86809963 0.87103456 0.86421514 0.86589837 0.86101401
0.85925156 0.86827224 0.86214340 0.86481935 0.86572576 0.86745220 0.86917865 0.86447406 0.86650264 0.86256742
0.86089170 0.86753851 0.86386985 0.86594158 0.86499202 0.86930811 0.87159568 0.86598474 0.86658895 0.86446601
0.86179811 0.86887652 0.86568260 0.86723638 0.86637318 0.86965340 0.86063272 0.86563945 0.86827224 0.86524272
0.86222970 0.86874706 0.85994214 0.86132330 0.86641634 0.87168199 0.87146616 0.86771119 0.86935127 0.86563104
0.86231601 0.86952394 0.86723638 0.86697745 0.86900598 0.87224311 0.87047350 0.86948079 0.86999869 0.86679614
0.86421514 0.87094826 0.86689109 0.87030083 0.86952394 0.87125039 0.87435800 0.86999869 0.87043029 0.86692554
0.86391300 0.87323576 0.86926496 0.87094826 0.87030083 0.87478960 0.87254518 0.86956710 0.86896282 0.86735708
0.86512148 0.87060297 0.87107772 0.87176830 0.86969656 0.87509173 0.87353790 0.87012821 0.87137985 0.86757284
0.86296344 0.87401271 0.87064612 0.87254518 0.87047350 0.87396955 0.87586862 0.87030083 0.86917865 0.86791801
0.86339504 0.87276101 0.87345159 0.87284732 0.87064612 0.86089170 0.87461692 0.87107772 0.87012821 0.87046385
0.86797011 0.87487590 0.86879021 0.87422848 0.87323576 0.87427163 0.87526435 0.87280416 0.87396955 0.87072277
0.86766803 0.87414217 0.87293369 0.87276101 0.87310630 0.87642974 0.87224311 0.87129354 0.87107772 0.86960089
0.86736590 0.87526435 0.87340844 0.86891967 0.87332213 0.87690449 0.87625706 0.87345159 0.87466013 0.87085223
0.86749536 0.87047350 0.87237257 0.87461692 0.87556648 0.87789720 0.87716347 0.87323576 0.87517804 0.87184465
0.86801332 0.87379688 0.87604123 0.87435800 0.87453061 0.87724978 0.87673181 0.87487590 0.87724978 0.87335491
0.86641634 0.87578231 0.87414217 0.87694764 0.87431484 0.87854463 0.87983942 0.87724978 0.87811297 0.87443364
0.87021452 0.87664551 0.87638652 0.87457377 0.87496221 0.86736590 0.87854463 0.87832880 0.87832880 0.87391585
0.87112087 0.87794036 0.87841511 0.87638652 0.87586862 0.87794036 0.87958050 0.87712032 0.87932152 0.87495148
0.87155253 0.87785405 0.87845826 0.87876040 0.87815619 0.88001209 0.87923521 0.85307956 0.88031423 0.87624598
0.87038714 0.87992579 0.87927836 0.87884676 0.87802666 0.87966681 0.88027108 0.87910569 0.88061637 0.87581444
0.87250203 0.88001209 0.88005525 0.87742239 0.87876040 0.88096166 0.88329232 0.87893307 0.88096166 0.87525350
0.87194097 0.88035738 0.87992579 0.88040054 0.88014156 0.88277441 0.88221329 0.87940782 0.88130695 0.87603021
0.87332213 0.88057315 0.88100481 0.87530750 0.88113427 0.88294703 0.88273126 0.87970996 0.88182485 0.87758362
0.87254518 0.88022786 0.88359445 0.88096166 0.88074583 0.88346499 0.88281757 0.88143641 0.88415557 0.87909383
0.87504858 0.88234282 0.88001209 0.88143641 0.88212699 0.88406920 0.88376713 0.88053000 0.88480300 0.87788564
0.87478960 0.88251543 0.88350815 0.88437134 0.88126373 0.88445771 0.88393974 0.88221329 0.88385344 0.87840343
0.85916525 0.88204068 0.88320601 0.88475978 0.88212699 0.88618410 0.88562304 0.88475978 0.88536406 0.87965482
0.87327898 0.88523459 0.88406920 0.88359445 0.86995554 0.88441449 0.88415557 0.88471663 0.88618410 0.88090616
0.87496221 0.88553673 0.88445771 0.88117743 0.88044369 0.88562304 0.88342184 0.88644308 0.88739264 0.88159657
0.87535071 0.88402605 0.88627046 0.88488930 0.88311970 0.88553673 0.88601148 0.88804007 0.88536406 0.88332254
0.87742239 0.88545036 0.88027108 0.88506192 0.88299018 0.88199753 0.88553673 0.88419873 0.88838536 0.88366777
0.87742239 0.88583881 0.88385344 0.88644308 0.88575250 0.88713366 0.88898963 0.88683152 0.88898963 0.88332254
0.87724978 0.86805648 0.88739264 0.88648623 0.88631362 0.88691789 0.88972336 0.88631362 0.88812637 0.88461703
0.87664551 0.88652939 0.88894641 0.88747895 0.88601148 0.88933486 0.88053000 0.88886011 0.88993913 0.88560951
0.87979627 0.88795376 0.88834220 0.88579565 0.88752210 0.89106131 0.88881695 0.88739264 0.89032757 0.88496226
0.88178170 0.88212699 0.88955069 0.88739264 0.88924855 0.89002544 0.89084554 0.88890326 0.89028442 0.88526428
0.88005525 0.88385344 0.88968015 0.88955069 0.88860112 0.88868749 0.88916224 0.87371057 0.89088869 0.88742179
0.88247228 0.89015496 0.89093184 0.89114767 0.88920540 0.88665891 0.89205402 0.88795376 0.89140660 0.88591152
0.88053000 0.88765162 0.89175189 0.89015496 0.88635677 0.89084554 0.88976651 0.89011180 0.89451420 0.88655877
0.88381028 0.89201087 0.89119083 0.89032757 0.88484615 0.89097500 0.89390999 0.88838536 0.88968015 0.88716286
0.88264489 0.86058956 0.87681818 0.88782424 0.88993913 0.89248568 0.89261514 0.88648623 0.88178170 0.88824165
0.88419873 0.88799691 0.89071602 0.89205402 0.89123398 0.89201087 0.89494586 0.89205402 0.89257199 0.89014024
0.88208383 0.88989598 0.89399630 0.89192456 0.89093184 0.88488930 0.89373732 0.89248568 0.89602488 0.88733548
0.88631362 0.89032757 0.89157927 0.87319261 0.89382362 0.89265829 0.89753550 0.89330572 0.89520478 0.88927722
0.88609779 0.89356470 0.89408261 0.89166558 0.89296043 0.88903278 0.89637017 0.88976651 0.89563644 0.89083064
0.88760847 0.89218354 0.89447105 0.89157927 0.89201087 0.89567959 0.89563644 0.89399630 0.89740604 0.89104640
0.88739264 0.89529115 0.89684492 0.88937807 0.89214039 0.89606804 0.89861453 0.89369416 0.89628381 0.89177996
0.88678837 0.89442790 0.89356470 0.89330572 0.89386678 0.89395314 0.89024127 0.89740604 0.89731967 0.89208198
0.88773793 0.89460057 0.89831239 0.89412576 0.89477319 0.89809662 0.89908928 0.89844191 0.89770812 0.89113271
0.88877380 0.89593852 0.89697438 0.89736283 0.89524794 0.89792395 0.89749235 0.89706075 0.89913249 0.89264292
0.87945098 0.89390999 0.89736283 0.89895982 0.89701754 0.89805341 0.89917564 0.88730633 0.89865768 0.89415318
0.89006865 0.89878720 0.89848506 0.89555007 0.89524794 0.89757866 0.90034097 0.89667225 0.89960724 0.89160734
0.89075923 0.89710391 0.89826924 0.89766496 0.89766496 0.90111786 0.90081573 0.89930511 0.90059996 0.89566344
0.88972336 0.89839870 0.89710391 0.89563644 0.89321941 0.89969355 0.90047044 0.90111786 0.90077257 0.89652646
0.89326257 0.89930511 0.90038413 0.89688808 0.89891666 0.89870083 0.90090209 0.90111786 0.89943457 0.89592230
0.85454702 0.89788079 0.89766496 0.89999568 0.89619750 0.90146315 0.90124738 0.90219688 0.90224004 0.89445525
0.88652939 0.90064311 0.90107471 0.89874399 0.89667225 0.90159267 0.89969355 0.90211058 0.90331906 0.89587921
0.88985282 0.89900297 0.90021151 0.90051359 0.89870083 0.90111786 0.90275800 0.90129054 0.90349174 0.89738941
0.88342184 0.89762181 0.90129054 0.90077257 0.89697438 0.90133369 0.90241271 0.90457076 0.90154946 0.89795035
0.89188141 0.90172213 0.90327591 0.90163583 0.90116102 0.87241572 0.90482974 0.89900297 0.90318960 0.89898598
0.89524794 0.90245587 0.90124738 0.90103155 0.90236956 0.89822608 0.90318960 0.90504551 0.90422547 0.89803666
0.89516163 0.89960724 0.90241271 0.90154946 0.90068626 0.89921880 0.90517503 0.90504551 0.90491605 0.90071195
0.89550692 0.90215373 0.90064311 0.90176529 0.90137684 0.90310329 0.90202427 0.89857137 0.90569293 0.90079826
0.89524794 0.90154946 0.87202728 0.89382362 0.90362120 0.90280116 0.90534765 0.90500236 0.88324916 0.89898598
0.89693123 0.90241271 0.90306014 0.90353489 0.90383703 0.90539080 0.90638351 0.90621090 0.90176529 0.90135920
0.89421207 0.90513188 0.90590876 0.90167898 0.90323275 0.90426862 0.90659934 0.90698779 0.90439814 0.90230852
0.89766496 0.90297383 0.90142000 0.89973670 0.89749235 0.90569293 0.90634036 0.90655619 0.90461391 0.90174758
0.89050025 0.90452760 0.90608138 0.90452760 0.89619750 0.90539080 0.90884370 0.90793735 0.90681511 0.90110034
0.90025467 0.90608138 0.89360785 0.90590876 0.90366435 0.90608138 0.90810996 0.90867108 0.90694463 0.90183389
0.89934826 0.90504551 0.90564978 0.90422547 0.90642667 0.90780783 0.90918899 0.89567959 0.90642667 0.90291262
0.89947778 0.90422547 0.90370756 0.89334887 0.90577930 0.90552032 0.90893006 0.90716040 0.90957743 0.90355986
0.89986622 0.90245587 0.90741938 0.90577930 0.90750569 0.90288746 0.84755492 0.90849841 0.90888685 0.90360302
0.89637017 0.90815312 0.90897322 0.90664250 0.90582246 0.90901637 0.89952093 0.90258533 0.90854156 0.90481120
0.89865768 0.90854156 0.90681511 0.90500236 0.90517503 0.90413916 0.90444130 0.90888685 0.90949112 0.90196329
0.90193796 0.90577930 0.90880054 0.89857137 0.90823948 0.90970695 0.90526134 0.91026801 0.91130388 0.90476805
0.90409601 0.90793735 0.90867108 0.90383703 0.90703094 0.90970695 0.90914583 0.91147655 0.90944797 0.90662354
0.90185159 0.90789419 0.90953428 0.90707409 0.90737623 0.90983641 0.90996593 0.91100174 0.91307348 0.90511328
0.90413916 0.90737623 0.90888685 0.90482974 0.90893006 0.91018170 0.91471362 0.90487289 0.90931851 0.90645093
0.90422547 0.90431178 0.90927535 0.90962064 0.90884370 0.91173553 0.91156286 0.91251242 0.90245587 0.90688241
0.90172213 0.89952093 0.91108811 0.87992579 0.90914583 0.91035438 0.91259873 0.91216713 0.91203761 0.90666670
0.90396649 0.90772152 0.90383703 0.90284431 0.91005224 0.91022485 0.91557688 0.91458416 0.91242611 0.90822005
0.90651304 0.90936166 0.91190815 0.90664250 0.91018170 0.91290087 0.91251242 0.91445464 0.91320300 0.91020495
0.90634036 0.90914583 0.91104496 0.90167898 0.91108811 0.91484308 0.91341877 0.91022485 0.91397989 0.90985978
0.90193796 0.91169232 0.90392333 0.90940481 0.91298717 0.90245587 0.91510206 0.91303033 0.90275800 0.90882415
0.90901637 0.91057014 0.91203761 0.89857137 0.91169232 0.91087228 0.91544735 0.91445464 0.91415250 0.90942824
