# pytorch neural network ReLU CrossEntropyLoss SGD:
#  unit=[60, 20],batch=64,lr=1e-02,momentum=0.9,epoch=128
0.66174479 0.70046700 0.66285578 0.67796558 0.72299028 0.67012383 0.70919087 0.67803094 0.70710496 0.71377572
0.44007738 0.44259433 0.46427532 0.43368180 0.45815683 0.44573680 0.45078749 0.44285588 0.45905384 0.45696425
0.37745341 0.37751309 0.38151598 0.37861497 0.38128856 0.37999442 0.37436537 0.38504500 0.37598226 0.37722256
0.36846076 0.36735043 0.37202704 0.36459236 0.36830550 0.36823210 0.36172977 0.37187193 0.36602014 0.36705933
0.36076831 0.36094977 0.36359235 0.36020161 0.35913763 0.36159523 0.35587183 0.36577560 0.35878090 0.36157420
0.35932007 0.35773455 0.36087189 0.35484307 0.35509961 0.35610487 0.35259093 0.36170840 0.35268163 0.35822598
0.36014830 0.35198752 0.35680782 0.35037945 0.35094167 0.35251115 0.35046677 0.35764794 0.35485079 0.35352038
0.35281749 0.35061711 0.35301371 0.34770268 0.34796418 0.35139127 0.34622844 0.35399748 0.34719705 0.34974440
0.34748905 0.34545115 0.35009459 0.34443382 0.34511363 0.34913114 0.34261928 0.34999311 0.34288888 0.34462793
0.34586990 0.34042230 0.34695202 0.34390917 0.34124986 0.34310959 0.33963063 0.34674277 0.34139683 0.34282359
0.34211617 0.33744707 0.34315893 0.34142669 0.33821932 0.34071074 0.33534899 0.34333184 0.33910075 0.34070170
0.34042977 0.33485157 0.34185765 0.33622280 0.33669735 0.33706382 0.33234020 0.34135182 0.33666788 0.33762961
0.33696538 0.33145251 0.34015695 0.33223993 0.33510910 0.33473523 0.32959007 0.33851013 0.33194625 0.33310984
0.33313201 0.33022438 0.33697643 0.33048440 0.33372595 0.33270090 0.32914831 0.33565693 0.32946762 0.33034701
0.33271384 0.32662805 0.33426821 0.32882064 0.32712700 0.32948022 0.32320145 0.33308306 0.32680050 0.32683109
0.33107480 0.32689449 0.33227364 0.32642498 0.32495125 0.32728799 0.32164210 0.33021340 0.32329571 0.32535332
0.32695785 0.32239171 0.32844542 0.32826419 0.32196658 0.32474564 0.32120900 0.33322431 0.32156979 0.32271356
0.32339011 0.31984744 0.33458954 0.31978182 0.32408296 0.32034590 0.33220702 0.33162805 0.31817614 0.31996482
0.32179678 0.31821603 0.33695842 0.32414656 0.33013268 0.31745969 0.32083532 0.32510903 0.31811344 0.32070367
0.32026492 0.31507865 0.32549387 0.33802397 0.31780483 0.31472173 0.31405067 0.32274846 0.31548104 0.31579937
0.32100197 0.31178419 0.32195130 0.31502254 0.31473893 0.31352577 0.31021996 0.32702146 0.31266721 0.31489964
0.31523565 0.30935620 0.32190099 0.31556434 0.31201720 0.31133703 0.30731846 0.32502499 0.30863676 0.31265824
0.31389577 0.30962983 0.32077525 0.31380977 0.31200010 0.30773343 0.30538947 0.31644928 0.30663907 0.30952477
0.31463072 0.30982636 0.31369573 0.31017583 0.31100135 0.30567755 0.30586128 0.36555457 0.30713167 0.30706265
0.32136573 0.30434348 0.30993437 0.31011755 0.30657092 0.30371932 0.32523454 0.31759293 0.30467460 0.30362074
0.30640713 0.29851875 0.30855699 0.30654821 0.30973969 0.30203817 0.30554529 0.31296765 0.32760632 0.30395725
0.30561668 0.29632413 0.30852454 0.30453950 0.30737312 0.29825848 0.30853022 0.30953348 0.30325359 0.30109947
0.30306239 0.29493795 0.31692248 0.29931892 0.30470851 0.29678269 0.29976218 0.30783536 0.29989360 0.29979884
0.30009117 0.29202206 0.30405796 0.29887533 0.29950269 0.29499392 0.29817651 0.30252399 0.29712863 0.29751719
0.29790700 0.29125439 0.30294836 0.29826787 0.29675934 0.29180122 0.29858626 0.30114572 0.29682846 0.29625592
0.29670548 0.28961224 0.30741538 0.29628690 0.29482364 0.28994731 0.29428009 0.29778244 0.29629715 0.29504258
0.29371750 0.28679329 0.29832240 0.31830743 0.29342949 0.28703785 0.29727049 0.29717902 0.29097495 0.29273489
0.29387978 0.28572746 0.29418869 0.30644709 0.29198981 0.28621144 0.28908251 0.29605531 0.28943509 0.29021717
0.29165834 0.28250073 0.29287387 0.29628428 0.28732445 0.28463209 0.28562305 0.30626946 0.30593592 0.29180244
0.30019418 0.28125437 0.29391172 0.28914503 0.28790751 0.28439103 0.28449745 0.29220268 0.28576424 0.28722033
0.28908349 0.28409891 0.28984007 0.28619525 0.28573493 0.28264522 0.28450536 0.29010572 0.28327771 0.28341019
0.28720104 0.27577211 0.28659989 0.28621339 0.28211341 0.28909544 0.28104673 0.28562354 0.28519118 0.28812428
0.28536584 0.27500291 0.28457554 0.28457020 0.28068023 0.27889940 0.27841553 0.28603078 0.27937909 0.28173563
0.28255378 0.27563934 0.28896425 0.28079674 0.28266436 0.27909533 0.27855736 0.28777265 0.27928923 0.27923765
0.28429859 0.27300587 0.28886109 0.27871183 0.29718986 0.27629062 0.29262838 0.34981921 0.28189812 0.27745563
0.27731644 0.26740335 0.28171966 0.27790952 0.27887890 0.27122831 0.27581000 0.34915928 0.27461485 0.27643620
0.27568136 0.26532057 0.27656698 0.27621992 0.27652116 0.27155486 0.27564606 0.29921364 0.27049620 0.27638525
0.27362247 0.26565073 0.27615286 0.27230888 0.27216501 0.26999215 0.28104194 0.30077319 0.26897875 0.27207573
0.27051902 0.26363115 0.27506241 0.27063762 0.27114399 0.27302638 0.27822344 0.29011256 0.26675526 0.27194870
0.27769252 0.26395037 0.27639941 0.27095252 0.27384311 0.26531456 0.28438380 0.28336421 0.26494913 0.26854792
0.33190435 0.25881653 0.27999252 0.26751095 0.27508683 0.26734684 0.27118800 0.27979290 0.26475565 0.27102022
0.29108401 0.25836330 0.27163489 0.26690866 0.26920265 0.27579988 0.26796864 0.27546759 0.26264850 0.26638130
0.28215870 0.25837520 0.26820404 0.26615375 0.26636273 0.36412556 0.26331734 0.27510253 0.26103330 0.26799340
0.31543374 0.25582812 0.26624281 0.26377337 0.26769951 0.29017286 0.28227692 0.27041306 0.25869091 0.26453298
0.27697068 0.25564056 0.26467558 0.26015428 0.26565551 0.27944786 0.26244494 0.26912813 0.25668332 0.26102486
0.27342463 0.26553922 0.27034576 0.26126611 0.26161738 0.27465254 0.26607887 0.26742984 0.25622313 0.25895865
0.27617665 0.25309573 0.26145595 0.26054743 0.26000404 0.26995755 0.26550228 0.26726324 0.25664018 0.25767421
0.26445695 0.28162674 0.25950156 0.25898876 0.25859298 0.26677868 0.26138513 0.26595732 0.25770389 0.25799409
0.26142267 0.33714124 0.25806824 0.25577849 0.25525839 0.26451295 0.25615715 0.26892991 0.25350437 0.26129979
0.25915984 0.26712805 0.25472600 0.25521747 0.25738994 0.26565427 0.25461708 0.26649045 0.24878331 0.25511979
0.25849419 0.26018072 0.25505344 0.25474693 0.25209203 0.25943203 0.25202267 0.30508185 0.24837112 0.25161891
0.25537680 0.25978810 0.25681331 0.25181661 0.25731972 0.25764702 0.25206844 0.27363291 0.24390931 0.25443356
0.25485175 0.30305469 0.25147629 0.25133728 0.24727016 0.25626364 0.25302879 0.30426696 0.24323454 0.24985460
0.25163088 0.28265488 0.25073060 0.24835320 0.24577272 0.25273768 0.26242936 0.27288949 0.24391966 0.24948687
0.25176439 0.26382010 0.25275812 0.24777553 0.25079811 0.25297450 0.24940162 0.27044325 0.24304260 0.25056766
0.24899418 0.26072151 0.24441779 0.24781423 0.24772255 0.25001192 0.24844035 0.26736464 0.23898841 0.24705404
0.24850198 0.25608676 0.24546509 0.24570798 0.27388793 0.24935443 0.24910976 0.26253935 0.24180201 0.24515885
0.24922044 0.25225870 0.24338921 0.24545041 0.24843174 0.24996519 0.24287861 0.25928119 0.23954579 0.24484742
0.25061658 0.24902124 0.24091277 0.24566651 0.24311062 0.24609341 0.24276252 0.25697772 0.23582975 0.24972674
0.24343705 0.24871432 0.24237709 0.26162575 0.24216594 0.24755078 0.24088856 0.25467699 0.23422658 0.24165576
0.23911336 0.25144654 0.23841750 0.23977632 0.23914710 0.24400732 0.24027762 0.25292215 0.23312528 0.24015541
0.24088324 0.29018000 0.24007459 0.24026227 0.23673880 0.24264417 0.23622824 0.25033518 0.22920779 0.24040412
0.26051894 0.25201639 0.23654577 0.23628338 0.24054251 0.24502901 0.23877054 0.24883487 0.22924724 0.23622515
0.24104970 0.25399411 0.23767430 0.23978828 0.24888412 0.23716216 0.23473144 0.24941552 0.22885249 0.23855669
0.23647787 0.24822758 0.23562878 0.27327967 0.23285482 0.23881143 0.23204243 0.24564838 0.24214353 0.24171429
0.23828087 0.25103115 0.23386211 0.24361812 0.23141393 0.23768558 0.23234651 0.24257045 0.22568941 0.23272929
0.24199348 0.23870147 0.23095928 0.23801799 0.23166159 0.23721430 0.23109965 0.24296115 0.22800736 0.23687043
0.23638550 0.24465563 0.22807897 0.23431645 0.23595451 0.23530789 0.23779956 0.24101836 0.22680865 0.23144149
0.23350684 0.23415895 0.23791443 0.23416972 0.23447748 0.31555934 0.22854793 0.23800886 0.22370396 0.23222261
0.23360470 0.23438196 0.22923367 0.23235837 0.23290654 0.26471087 0.22961360 0.23677568 0.22200219 0.23122327
0.24557642 0.23234772 0.23251287 0.23183094 0.23877762 0.25278994 0.22750487 0.23666284 0.22236356 0.22850803
0.23031022 0.23129718 0.22323982 0.25554009 0.22527856 0.24309469 0.22385057 0.23518147 0.22122787 0.23103528
0.22872798 0.23096755 0.22385790 0.23003605 0.22524495 0.24039551 0.22637842 0.23413889 0.21655172 0.22685199
0.25017712 0.22724655 0.22364950 0.22814940 0.22302873 0.23992738 0.23360591 0.23130036 0.21425931 0.22226382
0.22745059 0.22777170 0.22063451 0.24093144 0.22840338 0.23776284 0.22451741 0.23304881 0.21543147 0.22576564
0.22519200 0.22688734 0.21489028 0.22650676 0.25342174 0.23570813 0.21989864 0.23122257 0.21671947 0.22369174
0.22752207 0.22738251 0.21972104 0.22295956 0.31219238 0.23057074 0.21995197 0.22987521 0.21125537 0.21875641
0.23364036 0.24047302 0.22914124 0.22240316 0.26259122 0.22982405 0.21970624 0.23186562 0.21000313 0.21975328
0.22126716 0.22505514 0.21557844 0.21965812 0.24730559 0.23077855 0.23328170 0.22868837 0.21514857 0.21905230
0.21954661 0.22372585 0.21778334 0.22510610 0.24346979 0.23112647 0.21440083 0.22618595 0.20891080 0.22027950
0.22259224 0.22142830 0.22112714 0.31566187 0.24642746 0.22499770 0.21472580 0.22944388 0.20919137 0.22339530
0.23158109 0.21712308 0.21125442 0.25387185 0.23304288 0.22309113 0.21325146 0.22848111 0.23556931 0.21861362
0.25393764 0.21798159 0.21404286 0.30114941 0.22671605 0.22492205 0.21298998 0.24393079 0.21017726 0.21639133
0.22701869 0.21672617 0.20756005 0.25858864 0.22544909 0.22459827 0.21272069 0.22352076 0.20613877 0.21651552
0.23370378 0.21466637 0.20819310 0.23773238 0.22342592 0.22262096 0.21912989 0.22178268 0.24047865 0.21256771
0.22127212 0.22553419 0.20929083 0.23086195 0.21882761 0.21905782 0.21132177 0.22373846 0.23774879 0.21178050
0.21448168 0.22454258 0.20792976 0.22583318 0.22290537 0.21968886 0.21248579 0.24004834 0.26993271 0.21283841
0.21740924 0.21393841 0.20610050 0.22575729 0.21785345 0.21902692 0.20709404 0.24255618 0.22437355 0.21387453
0.21707414 0.21201321 0.20512527 0.22151770 0.21426572 0.21723582 0.20552262 0.21885954 0.21862793 0.21144989
0.21072790 0.21275354 0.20490253 0.22634446 0.21554392 0.21462080 0.20492742 0.21750870 0.21229881 0.21166835
0.20899485 0.20679990 0.20145636 0.25819161 0.20953289 0.21493355 0.20384714 0.21439516 0.35341394 0.21370372
0.21065906 0.20820758 0.20439711 0.22618136 0.22084163 0.21709955 0.20060559 0.21502725 0.25420300 0.20805274
0.20831530 0.20564910 0.20218320 0.22380598 0.21346771 0.21181934 0.20216070 0.34511046 0.23611104 0.20372966
0.22164654 0.20663056 0.20002740 0.21775776 0.21229561 0.21018370 0.20418511 0.28631828 0.22726784 0.20724872
0.21059441 0.20447220 0.20012004 0.21512710 0.22315645 0.21139086 0.19937328 0.30270099 0.21828344 0.20564673
0.20853305 0.21459066 0.19658465 0.21889594 0.21718415 0.20937280 0.20276513 0.25791493 0.21721646 0.20531321
0.20458039 0.20834605 0.20456602 0.23175625 0.25661893 0.20672465 0.20297695 0.24351848 0.21473280 0.20420898
0.20487324 0.20409017 0.21703958 0.21443660 0.23439221 0.21026254 0.27086398 0.23739331 0.21375449 0.20128861
0.20993137 0.20357351 0.19801449 0.21188502 0.21760082 0.20969448 0.22360374 0.22923686 0.20681924 0.20348699
0.20408782 0.26283434 0.19502263 0.20841329 0.21197314 0.20278055 0.22209863 0.22811561 0.20886068 0.20072124
0.20505525 0.22102143 0.19396428 0.20690117 0.21060914 0.20715453 0.21771144 0.23138104 0.25339187 0.20179162
0.22643712 0.21299336 0.18888605 0.20444255 0.20674764 0.20609298 0.41816881 0.21771426 0.21628526 0.20795576
0.20772691 0.20996227 0.19381716 0.20770626 0.20458923 0.20332362 0.30614750 0.21450786 0.20292968 0.19986444
0.20296025 0.25052104 0.19089415 0.20718264 0.20575937 0.20109407 0.28898555 0.21150678 0.20258279 0.19567343
0.19976269 0.22683777 0.20110064 0.20242093 0.21852462 0.19739930 0.27560088 0.20975532 0.19888368 0.20002838
0.19746986 0.21476388 0.18913405 0.20344069 0.20120524 0.19922861 0.26764679 0.20926274 0.19862416 0.19183995
0.19558916 0.20468863 0.19578468 0.22971367 0.19929907 0.20107526 0.26361564 0.21093911 0.19529423 0.19372304
0.19736217 0.20067219 0.19152352 0.20038017 0.20010426 0.20051968 0.25743962 0.20616255 0.19274513 0.19251327
0.19815390 0.20056041 0.19116565 0.19884034 0.20036347 0.20018479 0.25155294 0.21514870 0.19038952 0.19654598
0.19393739 0.19825901 0.18394444 0.19748040 0.22709586 0.19568986 0.24676535 0.27334306 0.18978264 0.19230583
0.19369633 0.20751463 0.20417307 0.19821572 0.19885927 0.19770530 0.24359185 0.21422180 0.19005513 0.19085020
0.19272705 0.19245316 0.24825261 0.19493790 0.19324177 0.19403124 0.23828471 0.20745396 0.19211857 0.18850864
0.19256531 0.19314123 0.20522389 0.19119335 0.19429727 0.19433880 0.23983509 0.20346718 0.22093123 0.18908468
0.19053174 0.20173872 0.19622198 0.19195238 0.19066333 0.19547145 0.25271265 0.20049661 0.19038908 0.19225959
0.18718682 0.19150998 0.19966432 0.19591046 0.19161344 0.19225524 0.23451354 0.19994368 0.18749327 0.19548426
0.18776417 0.18971971 0.20236860 0.24636636 0.19899642 0.19170703 0.22911645 0.19757105 0.18636927 0.18805980
0.18848993 0.18855340 0.19204689 0.20751021 0.19440325 0.19515221 0.22630136 0.20134885 0.18608476 0.18871127
0.18507066 0.18439190 0.18777252 0.20080458 0.22278927 0.19101557 0.22459834 0.19839923 0.19686640 0.19017162
0.18414215 0.18587450 0.18553772 0.19766527 0.19195544 0.19378819 0.22328903 0.19543614 0.27473242 0.18957525
0.18496616 0.23834183 0.18660945 0.19506075 0.19061628 0.19259773 0.22063074 0.19378530 0.21343156 0.19139057
0.18152437 0.19542927 0.18862095 0.20330130 0.18846391 0.20730421 0.21693983 0.19150894 0.20526807 0.18341574
0.18252552 0.19547591 0.20157442 0.35429646 0.18746203 0.18914554 0.21603045 0.19377037 0.24148213 0.18385900
0.18521646 0.19315198 0.30800576 0.29104412 0.18453792 0.18731428 0.21635161 0.19280909 0.20044566 0.19024776
0.18394286 0.18656447 0.21272733 0.35058746 0.18364198 0.18276813 0.21740328 0.19466488 0.19719585 0.18580494
