# pytorch neural network ReLU CrossEntropyLoss SGD:
#  unit=[60, 20],batch=64,lr=1e-02,momentum=0.9,epoch=128
0.71707886 0.45863006 0.71008676 0.64931589 0.28835943 0.58310676 0.31166646 0.66584659 0.33989382 0.34563106
0.78091413 0.78151840 0.76498771 0.78453970 0.76943332 0.77858347 0.77193666 0.78471231 0.76675731 0.76992446
0.82489532 0.82537013 0.82265097 0.82549959 0.82407528 0.82455003 0.82653546 0.82321203 0.82493848 0.82515639
0.83089471 0.83059257 0.83072209 0.83279383 0.82877982 0.83020413 0.83309597 0.82903880 0.83162844 0.82830638
0.83361387 0.83244854 0.83223271 0.83318228 0.83210325 0.83413184 0.83534032 0.83279383 0.83270752 0.83223301
0.83404547 0.83659202 0.83421814 0.83672148 0.83499503 0.83736891 0.83728260 0.83318228 0.83788681 0.83283710
0.83214641 0.83831847 0.83581507 0.84077865 0.83801633 0.84051967 0.84082180 0.83693731 0.83849108 0.83646172
0.83611721 0.84228927 0.83857739 0.84207344 0.84142601 0.84254825 0.84246188 0.83689415 0.83957011 0.83974111
0.83866376 0.84384304 0.83879322 0.84531057 0.84267771 0.84289354 0.84535372 0.84121025 0.84444731 0.84194177
0.84129655 0.84837496 0.84263456 0.84578532 0.84379989 0.84574217 0.84725279 0.84146923 0.84574217 0.84586841
0.84379989 0.84984249 0.84410203 0.84306616 0.84772760 0.85057622 0.85031724 0.84509474 0.84617376 0.84781015
0.84591478 0.84915191 0.84626007 0.84975612 0.84859079 0.85169840 0.85377014 0.84647590 0.84876341 0.84957927
0.84513789 0.85139626 0.84772760 0.85126680 0.84966981 0.85225946 0.85592818 0.84820235 0.85070568 0.85255665
0.85044670 0.85346800 0.85040355 0.85290688 0.84923822 0.85441756 0.85359746 0.85001510 0.85277742 0.85329020
0.85187101 0.85545343 0.85113728 0.85385644 0.85325217 0.85463333 0.85756832 0.85213000 0.85497862 0.85687160
0.85187101 0.85515130 0.85195738 0.85463333 0.85705036 0.85696405 0.85942423 0.85273427 0.85653245 0.85540456
0.85459018 0.85791361 0.85618716 0.85398591 0.85933793 0.85925156 0.86033064 0.85264796 0.85843152 0.85954690
0.85541022 0.85821569 0.85316586 0.85877681 0.86063272 0.86145282 0.85372698 0.85174155 0.86089170 0.86079830
0.85683459 0.86166859 0.84802967 0.85985583 0.85286373 0.86296344 0.85860419 0.85700721 0.85860419 0.85855448
0.86020112 0.86115068 0.85847467 0.84824550 0.86028743 0.86343819 0.86192757 0.85700721 0.86235917 0.86226535
0.85976952 0.86386985 0.85657561 0.86145282 0.86205703 0.86395615 0.86529416 0.85670507 0.86214340 0.86252427
0.86128014 0.86481935 0.85795677 0.86093485 0.86339504 0.86624366 0.86581206 0.85489231 0.86550993 0.86381876
0.86283398 0.86434460 0.85787046 0.86317927 0.86309290 0.86857438 0.86663216 0.86011481 0.86667532 0.86623520
0.85959685 0.86451727 0.86222970 0.86408561 0.86218655 0.87185466 0.86797011 0.84841812 0.86602789 0.86722761
0.85631663 0.86870384 0.86382669 0.86417198 0.86572576 0.87073243 0.85528076 0.86007166 0.86913550 0.86804748
0.86525100 0.86973971 0.86438775 0.86667532 0.86555308 0.87034398 0.86913550 0.86404246 0.85234582 0.86921251
0.86598474 0.87280416 0.86637318 0.86766803 0.86594158 0.87500542 0.86602789 0.86313611 0.86792696 0.86869472
0.86481935 0.87301999 0.86093485 0.87068927 0.86693424 0.87474644 0.87017137 0.86395615 0.87159568 0.87037754
0.86896282 0.87466013 0.86715007 0.87137985 0.86827224 0.87716347 0.86969656 0.86736590 0.87250203 0.87059331
0.86913550 0.87487590 0.86805648 0.87086195 0.87176830 0.87608445 0.87172514 0.86736590 0.87168199 0.87149948
0.87017137 0.87466013 0.86762482 0.87293369 0.87189782 0.87746561 0.87414217 0.87198412 0.86961025 0.87137002
0.87142301 0.87543702 0.86883336 0.86235917 0.87289047 0.87811297 0.87017137 0.86969656 0.87461692 0.87512404
0.87077558 0.87759507 0.87137985 0.86784065 0.87297684 0.87958050 0.87435800 0.87155253 0.87560964 0.87516719
0.87388319 0.87755191 0.87375373 0.86956710 0.87686133 0.88143641 0.87828565 0.86533731 0.86602789 0.87533981
0.86671847 0.87794036 0.87228626 0.87483275 0.87560964 0.87979627 0.87599808 0.87310630 0.87599808 0.87741101
0.87353790 0.88014156 0.87392634 0.87655920 0.87707710 0.88165224 0.87668866 0.87371057 0.87621391 0.88004315
0.87250203 0.88234282 0.87634337 0.87724978 0.87755191 0.87660235 0.87837195 0.87884676 0.87677503 0.87620282
0.87638652 0.88424188 0.87863094 0.87893307 0.87854463 0.88303334 0.87988257 0.87772453 0.87927836 0.87823087
0.87642974 0.88368076 0.87811297 0.87983942 0.87927836 0.88225645 0.88294703 0.87824249 0.88096166 0.88064724
0.87604123 0.88419873 0.87483275 0.87940782 0.87319261 0.88497561 0.87289047 0.84807283 0.87893307 0.88224381
0.88152272 0.88536406 0.87746561 0.87966681 0.88070267 0.88691789 0.88307655 0.84146923 0.88251543 0.88215750
0.88070267 0.88911909 0.88087529 0.88186800 0.88096166 0.88700420 0.88294703 0.87159568 0.88273126 0.88168287
0.88294703 0.88756526 0.87945098 0.88411242 0.88260174 0.88696104 0.87716347 0.86973971 0.88622731 0.88431501
0.88169539 0.88739264 0.88208383 0.88385344 0.88488930 0.88532090 0.88545036 0.87362427 0.88588202 0.88440132
0.88204068 0.88743579 0.88299018 0.88376713 0.88471663 0.88903278 0.87595493 0.87707710 0.88661575 0.88647246
0.85277742 0.89153612 0.87979627 0.88713366 0.88009840 0.88743579 0.88299018 0.88035738 0.88644308 0.88522112
0.87457377 0.89179510 0.88475978 0.88696104 0.88579565 0.88873065 0.88471663 0.88303334 0.88670206 0.88893205
0.88104796 0.89162242 0.88631362 0.88821268 0.88657260 0.83818895 0.88752210 0.88229960 0.88924855 0.88634306
0.86033064 0.89304674 0.88635677 0.88747895 0.88782424 0.87565279 0.87664551 0.88316286 0.88976651 0.88884574
0.88014156 0.89356470 0.88709050 0.88942122 0.88549358 0.88195431 0.88933486 0.88454401 0.89062971 0.88793957
0.88368076 0.88847166 0.88441449 0.88929170 0.88791054 0.88519144 0.88566619 0.88557988 0.89002544 0.89100325
0.88109112 0.89632696 0.89032757 0.88903278 0.88816953 0.88674521 0.89119083 0.88622731 0.89157927 0.89147788
0.88713366 0.88139325 0.89144981 0.89075923 0.88972336 0.88782424 0.88942122 0.88769478 0.89153612 0.89173681
0.88851482 0.86447406 0.89170873 0.89205402 0.89308989 0.88808322 0.89149296 0.88545036 0.89270145 0.89113271
0.88886011 0.88734949 0.89343518 0.89390999 0.88890326 0.89002544 0.89261514 0.88946438 0.89498901 0.89259976
0.88946438 0.88933486 0.89265829 0.89192456 0.89524794 0.89123398 0.89179510 0.86512148 0.89598173 0.89333332
0.89114767 0.89261514 0.89235616 0.89555007 0.89088869 0.89343518 0.89244246 0.88393974 0.89870083 0.89320385
0.89144981 0.87310630 0.89356470 0.89546376 0.89550692 0.89313304 0.89477319 0.86279082 0.89839870 0.89372170
0.89106131 0.87988257 0.89516163 0.89658594 0.89580905 0.89438474 0.88730633 0.88139325 0.89550692 0.89527506
0.89291728 0.88816953 0.89464372 0.89585221 0.89498901 0.89473003 0.89511847 0.88372391 0.90068626 0.89570659
0.89214039 0.89088869 0.89749235 0.89529115 0.89770812 0.89671546 0.89563644 0.88639992 0.90172213 0.89730310
0.89386678 0.89183825 0.89792395 0.89693123 0.88225645 0.89878720 0.89546376 0.88562304 0.89546376 0.89734626
0.89533430 0.89360785 0.89831239 0.89572275 0.89706075 0.89546376 0.89870083 0.88911909 0.89900297 0.89639699
0.89283091 0.89537746 0.89965039 0.89874399 0.89740604 0.89848506 0.89757866 0.88985282 0.90206742 0.89570659
0.89671546 0.89658594 0.89895982 0.89503217 0.89956409 0.89822608 0.90051359 0.89166558 0.90185159 0.89807981
0.89852822 0.89511847 0.90064311 0.90012515 0.90258533 0.90241271 0.89934826 0.89447105 0.90284431 0.90032363
0.89822608 0.87258840 0.89908928 0.89883035 0.90202427 0.89874399 0.90081573 0.89442790 0.90552032 0.89924490
0.88946438 0.89283091 0.90249902 0.90323275 0.89999568 0.89740604 0.89969355 0.89572275 0.90552032 0.90058255
0.89796710 0.89235616 0.90137684 0.90198112 0.89947778 0.90301698 0.90077257 0.89373732 0.90491605 0.90084141
0.89952093 0.89710391 0.90370756 0.88614094 0.90284431 0.90344858 0.90262854 0.89719021 0.89900297 0.89971954
0.89921880 0.89360785 0.90172213 0.89770812 0.90323275 0.90254217 0.90288746 0.89887351 0.90621090 0.90463865
0.89995253 0.89917564 0.90521818 0.90137684 0.90366435 0.90176529 0.90465707 0.89878720 0.90616775 0.89980584
0.89999568 0.89749235 0.90638351 0.90388018 0.90288746 0.90707409 0.89977986 0.89917564 0.90487289 0.90161812
0.90224004 0.90280116 0.90297383 0.90059996 0.90331906 0.86348140 0.90366435 0.90055680 0.90746254 0.90226537
0.90193796 0.90284431 0.90603822 0.90245587 0.90236956 0.88829905 0.90457076 0.90163583 0.90905952 0.90153182
0.89511847 0.90340543 0.90241271 0.90664250 0.90042728 0.89490265 0.90513188 0.90180844 0.90707409 0.90502697
0.90478659 0.90439814 0.90931851 0.89425528 0.90595192 0.89990938 0.90681511 0.90064311 0.90815312 0.90532899
0.90621090 0.90595192 0.90746254 0.90478659 0.90659934 0.90129054 0.90785098 0.90232641 0.90987957 0.90437973
0.89339203 0.90750569 0.90694463 0.90733308 0.90780783 0.90275800 0.90435493 0.90340543 0.91350514 0.90774542
0.90465707 0.90534765 0.90914583 0.90172213 0.90763521 0.90297383 0.90763521 0.90362120 0.91182184 0.90537214
0.90547717 0.90629721 0.91315985 0.90698779 0.89421207 0.90357804 0.90992272 0.90142000 0.91018170 0.90718448
0.90582246 0.90724677 0.91026801 0.90910268 0.86404246 0.90491605 0.90927535 0.90556347 0.91203761 0.90796119
0.90120417 0.90029782 0.90508872 0.91061330 0.88592517 0.90530449 0.90897322 0.90211058 0.91363460 0.90740019
0.90616775 0.90724677 0.91160601 0.91121757 0.89477319 0.90668565 0.90271485 0.90461391 0.91113126 0.90977347
0.90832579 0.90668565 0.91208082 0.91186500 0.89701754 0.90603822 0.91203761 0.90612459 0.91389358 0.90834951
0.90638351 0.90819627 0.90888685 0.86257499 0.89602488 0.90754890 0.91186500 0.90383703 0.91613793 0.90934199
0.90556347 0.91026801 0.91402304 0.89507532 0.90262854 0.90858477 0.91173553 0.90672880 0.90189475 0.90891045
0.89265829 0.91005224 0.91268504 0.87280416 0.90681511 0.90880054 0.91225344 0.89809662 0.91298717 0.91067964
0.90517503 0.91259873 0.91557688 0.88993913 0.90582246 0.90832579 0.91281456 0.90711725 0.91613793 0.91180152
0.90189475 0.91233975 0.91432518 0.90064311 0.90746254 0.90962064 0.91035438 0.90858477 0.90150630 0.90947139
0.90543401 0.90703094 0.91337562 0.90465707 0.91035438 0.91091543 0.91536105 0.90836895 0.90349174 0.91218984
0.90923214 0.90785098 0.91441149 0.90513188 0.90716040 0.91057014 0.91069967 0.90180844 0.88709050 0.91149944
0.90875739 0.91182184 0.91574949 0.90664250 0.91082913 0.91018170 0.91458416 0.89792395 0.90858477 0.91158575
0.90728992 0.91359144 0.91380721 0.90862793 0.91221029 0.91160601 0.91626745 0.90836895 0.90875739 0.91033441
0.91246927 0.91087228 0.91574949 0.90841210 0.91087228 0.91277140 0.91613793 0.90931851 0.91363460 0.91089535
0.91246927 0.91605163 0.91652638 0.89965039 0.91462731 0.91264188 0.91626745 0.91095859 0.85532391 0.91244876
0.91108811 0.91574949 0.91644007 0.90983641 0.90858477 0.91363460 0.91751909 0.91164917 0.89101815 0.91378641
0.91363460 0.91492945 0.91790754 0.90854156 0.91238290 0.91566318 0.91721696 0.84487891 0.90059996 0.91477883
0.90793735 0.91540420 0.91764855 0.91238290 0.91315985 0.91592216 0.91656953 0.87552333 0.90573609 0.91400218
0.91315985 0.91846865 0.91868442 0.91117442 0.90914583 0.91497260 0.91842550 0.86266130 0.91160601 0.91706580
0.91199446 0.91359144 0.91907293 0.91328931 0.91281456 0.91540420 0.91562003 0.88911909 0.91074282 0.91473573
0.91510206 0.91544735 0.91846865 0.90504551 0.89347833 0.91790754 0.91665590 0.89300358 0.91195130 0.91486514
0.91587895 0.91574949 0.91100174 0.91428202 0.90297383 0.91540420 0.88320601 0.89792395 0.91195130 0.91693634
0.91359144 0.91993612 0.91972029 0.91324615 0.91065645 0.91380721 0.90383703 0.90180844 0.91419572 0.91443366
0.91458416 0.88592517 0.92105830 0.91574949 0.91311669 0.91993612 0.90569293 0.90457076 0.91492945 0.91732472
0.91596532 0.90634036 0.92054039 0.91566318 0.91527474 0.91661274 0.91190815 0.90163583 0.89930511 0.91702265
0.90336227 0.91221029 0.92261213 0.91760540 0.91467047 0.91704434 0.82200354 0.90970695 0.91117442 0.91577131
0.91320300 0.91350514 0.92049724 0.91622424 0.91656953 0.91915923 0.86080539 0.91091543 0.91510206 0.91801512
0.91492945 0.89567959 0.92239630 0.91795069 0.91674221 0.91795069 0.87254518 0.91065645 0.91674221 0.91969794
0.91682851 0.90664250 0.91656953 0.91786438 0.91221029 0.92066985 0.87772453 0.91320300 0.91820967 0.91728157
0.91890025 0.91108811 0.92248261 0.91769177 0.91674221 0.91950452 0.88393974 0.91337562 0.91795069 0.92077672
0.91812336 0.91497260 0.92127413 0.90616775 0.91959083 0.91816652 0.88527775 0.91164917 0.92097199 0.92017257
0.91613793 0.91816652 0.92075616 0.91877079 0.91747594 0.91851181 0.88726318 0.91691482 0.92131728 0.92146713
0.91713065 0.91639692 0.92153311 0.92041087 0.91726011 0.91799384 0.89080238 0.91531789 0.92200786 0.91818768
0.91868442 0.91872764 0.92477018 0.91976351 0.90815312 0.92174888 0.89434159 0.88506192 0.92382061 0.92086297
0.91898656 0.91505891 0.92174888 0.91894341 0.91881394 0.92079931 0.89533430 0.91246927 0.92118782 0.92198491
0.91872764 0.92114460 0.89887351 0.92066985 0.92161942 0.92295742 0.89783764 0.91518837 0.92187840 0.92116505
0.91976351 0.92071301 0.91389358 0.92442489 0.92054039 0.92261213 0.89762181 0.91479993 0.90858477 0.92142397
0.91894341 0.91583580 0.91846865 0.92278475 0.92278475 0.92213732 0.89572275 0.91648322 0.92256898 0.91935277
0.92144674 0.92123097 0.91790754 0.92382061 0.92209417 0.92343217 0.89969355 0.91902971 0.92213732 0.91866237
0.92079931 0.92166257 0.91738963 0.89602488 0.91842550 0.92243946 0.90306014 0.91868442 0.92395008 0.92435813
0.91989297 0.92304373 0.92118782 0.91488630 0.92071301 0.92192155 0.90357804 0.91691482 0.92550391 0.92133766
0.92222369 0.92507231 0.92265528 0.91734648 0.91018170 0.92425221 0.90543401 0.91769177 0.91972029 0.92267531
0.92438173 0.92395008 0.92446804 0.91997927 0.92105830 0.92019510 0.90582246 0.91963398 0.89511847 0.92189860
0.92390692 0.90992272 0.92420906 0.92006558 0.92036772 0.92183518 0.90470022 0.92002243 0.91151971 0.92146713
0.92494279 0.92028141 0.92356163 0.92041087 0.92075616 0.91687167 0.90893006 0.92153311 0.91678536 0.92716289
0.92420906 0.92157626 0.91911608 0.83831847 0.92148989 0.92477018 0.90888685 0.92123097 0.90517503 0.92604101
0.92261213 0.92010880 0.87289047 0.88057315 0.92433858 0.92515862 0.90940481 0.92161942 0.91959083 0.92073357
0.92230999 0.92261213 0.90905952 0.84522420 0.92356163 0.92628080 0.90867108 0.92114460 0.91972029 0.92500538
