# pytorch neural network ReLU CrossEntropyLoss SGD:
#  unit=[40],batch=64,lr=1e-02,momentum=0.5,epoch=128
0.73023017 0.69950236 0.66223931 0.71065511 0.68585182 0.71144071 0.68711463 0.70003685 0.67547162 0.73741791
0.56666644 0.53247584 0.50573306 0.52234370 0.53887996 0.53690820 0.53709171 0.53507486 0.52645094 0.53533344
0.46924540 0.44311414 0.42502855 0.43852607 0.44452511 0.44153370 0.44648453 0.45089102 0.44745710 0.43978844
0.42664876 0.40983842 0.40345733 0.41076110 0.41017674 0.41364595 0.40908731 0.41590638 0.41614795 0.40868505
0.40718311 0.39807696 0.39568260 0.39762013 0.39546868 0.40055460 0.39666334 0.40351529 0.40161614 0.39818538
0.39570288 0.39345972 0.38969023 0.39124298 0.38899540 0.39167765 0.38902800 0.39554825 0.39413099 0.39121783
0.38986775 0.38806605 0.38563529 0.38805201 0.38476504 0.38907376 0.38571004 0.38970064 0.38897888 0.38670220
0.38557843 0.38377996 0.38258609 0.38320602 0.38169853 0.38243733 0.38123197 0.38599214 0.38288346 0.38284877
0.38191827 0.38105348 0.37948516 0.38033373 0.37980500 0.37929966 0.37814920 0.38248976 0.37931915 0.37951014
0.38081749 0.38130757 0.37717338 0.37809694 0.38005087 0.37908441 0.37588543 0.38040899 0.37680866 0.37715168
0.37640134 0.37643186 0.37517211 0.37681178 0.37600753 0.37527489 0.37362746 0.37767819 0.37431391 0.37502150
0.37434636 0.37498771 0.37297312 0.37370135 0.37462520 0.37451807 0.37315752 0.37726819 0.37906988 0.37363317
0.37303800 0.37552318 0.37159760 0.37197135 0.37181460 0.37165935 0.37073860 0.37394225 0.37114300 0.37143203
0.37076328 0.37119004 0.37019417 0.37042856 0.37062092 0.36930804 0.36885112 0.37210561 0.36914570 0.37130112
0.36824771 0.37038923 0.36930576 0.37355876 0.36890517 0.36891811 0.36790141 0.37167640 0.36784204 0.36856243
0.36685709 0.36848683 0.36743167 0.36813148 0.38027394 0.36769147 0.36913253 0.36920713 0.36683272 0.36781616
0.36543449 0.36846273 0.36613593 0.36977193 0.36710005 0.36561201 0.36610524 0.36820691 0.36585916 0.36608951
0.37005745 0.36590168 0.36647296 0.36496391 0.36656741 0.36554306 0.36452509 0.37114572 0.36451634 0.36518057
0.36733455 0.36487233 0.36430670 0.36606424 0.36455313 0.36323957 0.36311812 0.36618459 0.36611120 0.36560072
0.36550151 0.36629087 0.36441188 0.36402128 0.36369338 0.36199682 0.36248855 0.36492433 0.36207235 0.36304707
0.36149088 0.36410113 0.36258054 0.36420751 0.36279148 0.36501853 0.36138716 0.36831734 0.36429336 0.36280277
0.36042484 0.36347933 0.36711376 0.36185413 0.36200705 0.36071537 0.36043361 0.36399158 0.36062570 0.36170074
0.35903160 0.36213272 0.36174419 0.35949633 0.36147261 0.36334954 0.36047300 0.36242474 0.36067329 0.36056765
0.35840257 0.36033612 0.36071588 0.35889612 0.36051960 0.36035434 0.35913629 0.36165175 0.35866230 0.36009069
0.35792077 0.35966150 0.36190884 0.35872650 0.35977472 0.35794739 0.35821068 0.36110448 0.35808503 0.35977859
0.35686236 0.35896767 0.35959191 0.35987159 0.36378626 0.35738881 0.35791054 0.36522879 0.36184979 0.35852921
0.35660626 0.35832114 0.35890853 0.35770321 0.35889799 0.35664468 0.35821187 0.36087505 0.35796102 0.35947147
0.35544533 0.35748037 0.36076792 0.35596671 0.35770458 0.35592634 0.35735211 0.35925450 0.35629028 0.35753934
0.35562305 0.35693933 0.35862000 0.35509273 0.35731955 0.35523594 0.35644375 0.35865784 0.35543952 0.35647941
0.35444955 0.35626116 0.35835292 0.35511902 0.35691244 0.35443720 0.35522236 0.35799915 0.35536846 0.35616997
0.35374359 0.35701106 0.35747553 0.35410008 0.35619273 0.35595734 0.35680964 0.35874438 0.35427865 0.35598009
0.35352434 0.35574654 0.35868182 0.35336331 0.35531429 0.35364394 0.35401378 0.35718674 0.35606452 0.35596634
0.35276574 0.35559265 0.35631653 0.35295726 0.35472353 0.35282281 0.35364717 0.36045819 0.35525647 0.35445075
0.35382508 0.35411570 0.35558359 0.35400214 0.35425723 0.35483265 0.35300341 0.35681317 0.35370282 0.35383422
0.35215292 0.35362066 0.35703806 0.35483851 0.35387174 0.35193237 0.35529432 0.35707767 0.35339486 0.35372118
0.35474278 0.35441479 0.35539272 0.35136580 0.35426516 0.35354120 0.35213558 0.35515350 0.35200300 0.35268293
0.35126403 0.35363124 0.35488073 0.35087034 0.35259592 0.35134649 0.35231314 0.35519341 0.35186434 0.35397434
0.35314101 0.35195787 0.35433469 0.35020146 0.35189136 0.35033511 0.35107257 0.35508112 0.35234377 0.35257666
0.35032279 0.35140354 0.35493875 0.34991223 0.35263577 0.34949278 0.35050205 0.35663788 0.35069946 0.35171173
0.34984937 0.35167739 0.35403896 0.35123245 0.35320526 0.34904787 0.35039632 0.35466164 0.35352215 0.35094383
0.34980392 0.35093553 0.35306436 0.34906082 0.35171820 0.34868015 0.34980472 0.35361676 0.34953686 0.35034017
0.35043769 0.35031061 0.35344821 0.34891361 0.35032172 0.34934544 0.34928136 0.35285125 0.35104165 0.35117213
0.34860796 0.34996604 0.35241889 0.34801388 0.34978894 0.34800303 0.34906128 0.35247881 0.34868077 0.35026971
0.34861195 0.35169123 0.35265364 0.34746022 0.34915571 0.34732424 0.34854533 0.35404023 0.34788303 0.34892159
0.34796899 0.34974926 0.35552856 0.34906234 0.35067948 0.34668023 0.34816619 0.35169579 0.34916498 0.34914476
0.34735353 0.34944670 0.35545466 0.34672684 0.35075737 0.34630413 0.34841997 0.35160218 0.34724974 0.34814625
0.34777553 0.34899142 0.35103900 0.34614013 0.34815501 0.34575456 0.34734071 0.35111375 0.34663398 0.34743813
0.34677219 0.34835729 0.35266645 0.34558110 0.34931623 0.34701964 0.34726198 0.35228308 0.34709610 0.34682566
0.34632358 0.34760485 0.35248600 0.34519833 0.34752097 0.34879237 0.34729393 0.35050182 0.34640499 0.34719794
0.34592418 0.34780147 0.35015460 0.34475420 0.34757795 0.34450023 0.34624184 0.34994701 0.34542104 0.34631368
0.34678713 0.34852072 0.35081959 0.34433974 0.34654519 0.34485486 0.34595142 0.34945459 0.34539342 0.34586959
0.34582751 0.34634865 0.35191469 0.34606746 0.34603306 0.34632186 0.34624609 0.34911054 0.34464200 0.34514416
0.34562796 0.34694508 0.35133230 0.34426978 0.34598568 0.34550422 0.34599652 0.34960359 0.34713787 0.34562207
0.34605884 0.34556323 0.34861682 0.34329868 0.34538556 0.34298183 0.34498198 0.35064540 0.34404282 0.34622572
0.34435472 0.34540831 0.34944624 0.34515053 0.34480097 0.34590168 0.34468293 0.34858341 0.34328491 0.34484003
0.34504439 0.34469648 0.34786179 0.34249813 0.34508501 0.34213251 0.35522986 0.34803136 0.34365257 0.34416395
0.34645757 0.34440241 0.34751370 0.34213639 0.34665295 0.34567885 0.34531269 0.34771809 0.34246952 0.34346814
0.34365816 0.34653456 0.34690822 0.34178921 0.34408373 0.34428700 0.34463253 0.34856012 0.34209119 0.34396887
0.34375463 0.34415125 0.34696111 0.34118659 0.34401317 0.34106295 0.34305435 0.34716300 0.34217178 0.34267520
0.34309679 0.34439948 0.34650273 0.34062193 0.34336632 0.34026615 0.34351220 0.34685048 0.34177187 0.34262438
0.34285000 0.34919068 0.34682692 0.34062519 0.34324858 0.34001128 0.34360139 0.34663845 0.34115193 0.34225705
0.34368937 0.34585898 0.34575382 0.34008156 0.34285018 0.34124327 0.34226931 0.34672931 0.34183406 0.34238102
0.34339916 0.34281844 0.34559511 0.34376138 0.34294620 0.33920467 0.34364810 0.34584726 0.34062477 0.34159736
0.34400832 0.34366684 0.34538503 0.34003011 0.34215350 0.33874483 0.34240050 0.34549929 0.34465843 0.34126191
0.34177045 0.34182027 0.34534651 0.34002328 0.34187092 0.33835386 0.34186477 0.34508854 0.34207386 0.34082930
0.34186661 0.34126590 0.34479385 0.34003640 0.34159319 0.33975650 0.34115221 0.35485040 0.34120943 0.34081897
0.34095991 0.34305413 0.34441061 0.34049425 0.34306328 0.33770813 0.34032212 0.34517262 0.33881100 0.33975226
0.34120261 0.34119071 0.34552022 0.33786789 0.34255780 0.33707577 0.33988408 0.34527501 0.33920697 0.34080577
0.34044504 0.34059585 0.34539679 0.33721122 0.34154461 0.33748143 0.33967566 0.34415096 0.33830399 0.33955548
0.34116597 0.34228157 0.34398075 0.33766328 0.34180547 0.33693321 0.33936112 0.34462746 0.34074047 0.33873738
0.34039991 0.34003297 0.34320455 0.33659493 0.34213355 0.33641418 0.33942624 0.34330382 0.34087328 0.33853839
0.33964937 0.34148164 0.34291595 0.33625331 0.34047446 0.33617937 0.33898797 0.34413672 0.33796424 0.33841631
0.33919417 0.33883014 0.34502654 0.33863212 0.33977859 0.33534201 0.33917473 0.34305628 0.33785568 0.33874062
0.33886664 0.34449509 0.34284046 0.33637041 0.33897952 0.33561715 0.33827131 0.34218357 0.33669438 0.33813631
0.34015333 0.33949381 0.34239879 0.33819369 0.33899865 0.33468258 0.33790560 0.34226888 0.33593339 0.33779258
0.33860077 0.33817283 0.34429843 0.33498721 0.33949773 0.33442970 0.33801487 0.34199753 0.33557821 0.33663443
0.33861807 0.33729928 0.34186370 0.33433884 0.34192091 0.33512054 0.33742158 0.34156047 0.33512401 0.33695991
0.33772214 0.33821445 0.34531498 0.33614501 0.33834454 0.33374886 0.33695884 0.34193026 0.33715360 0.33695910
0.33750974 0.33722675 0.34346994 0.33386955 0.33750451 0.33510608 0.33756906 0.34352486 0.33461703 0.33558766
0.33839674 0.33651562 0.34083295 0.33327017 0.33758992 0.33706802 0.33662766 0.34073731 0.33429532 0.33529062
0.33687878 0.33694806 0.34049247 0.33321376 0.33694809 0.33314532 0.33603412 0.34061958 0.33457588 0.33525614
0.33647760 0.33582138 0.34213544 0.33273247 0.33847709 0.33403879 0.33799829 0.33971241 0.33351808 0.33495902
0.33648986 0.33593850 0.34059170 0.33325009 0.33904279 0.33373916 0.33615579 0.34321048 0.33329468 0.33599644
0.33587791 0.33543707 0.33972374 0.33361499 0.33633524 0.33218047 0.33531866 0.34006065 0.33299122 0.33498663
0.33630699 0.33493190 0.34162502 0.33764885 0.33632090 0.33135104 0.33480758 0.34008280 0.33261670 0.33411969
0.33548984 0.33462441 0.33939548 0.33202205 0.33553715 0.33092283 0.33484278 0.33864532 0.33343255 0.33359973
0.33532145 0.33394109 0.34254930 0.33081674 0.33521611 0.33476245 0.33433954 0.33819650 0.33201621 0.33365686
0.33527933 0.33367021 0.33906423 0.33084808 0.33564620 0.33206328 0.33420849 0.33779137 0.33293710 0.33314616
0.33480003 0.33785585 0.33808986 0.33036235 0.33868427 0.32985830 0.33607313 0.33801583 0.33224135 0.33247635
0.33585097 0.33627767 0.33783239 0.32971264 0.33925826 0.33017147 0.33376620 0.33776131 0.33266715 0.33212609
0.33421035 0.33636748 0.33859233 0.33028919 0.33487935 0.32949256 0.33771041 0.33728401 0.33122069 0.33227529
0.33718037 0.33306321 0.34025463 0.33136724 0.33461297 0.32966995 0.33312677 0.33636146 0.33080716 0.33221889
0.33758761 0.33194438 0.33733607 0.32915664 0.33376908 0.32947079 0.33305981 0.33760244 0.33091253 0.33223802
0.33477294 0.33256754 0.34116374 0.32868229 0.33311403 0.32999426 0.33667197 0.33652937 0.33014414 0.33161420
0.33625394 0.33167945 0.33729890 0.32961844 0.33331776 0.32813950 0.33274173 0.33541985 0.32960257 0.33219242
0.33365293 0.33101446 0.33623497 0.32826959 0.33269292 0.33085850 0.33197433 0.33750679 0.32969826 0.33059290
0.33319914 0.33318964 0.33726667 0.32758859 0.33292571 0.32750934 0.33202588 0.33502751 0.33545205 0.33051134
0.33226712 0.33059503 0.33560706 0.32723864 0.33189945 0.32685588 0.33120277 0.33457674 0.32890716 0.32973551
0.33367368 0.32985096 0.33528674 0.32709724 0.33540778 0.32880788 0.33118857 0.33723942 0.32831954 0.33038195
0.33364035 0.32998962 0.34108075 0.32710507 0.33200903 0.32729223 0.33069044 0.33434459 0.32779523 0.33076655
0.33546255 0.32921657 0.33513172 0.32703525 0.33108143 0.32710830 0.33500128 0.33482193 0.32754822 0.32894350
0.33350695 0.33179402 0.33510451 0.32627940 0.33168835 0.32563083 0.33095956 0.33338914 0.32933216 0.32843251
0.33118321 0.32993023 0.33425713 0.32614154 0.33572852 0.32621545 0.32997071 0.33429917 0.32714505 0.32923653
0.33074537 0.33002522 0.33921793 0.32545715 0.33110377 0.32488704 0.33055427 0.33537768 0.32723929 0.32800528
0.33169303 0.32818512 0.33525161 0.32696324 0.33112703 0.32430885 0.32949526 0.33292224 0.32640814 0.32795410
0.33038423 0.33115784 0.33353904 0.32629596 0.33062721 0.32411475 0.32908559 0.33214754 0.32694612 0.32714053
0.32948264 0.32822388 0.33369432 0.32486335 0.33026653 0.32378695 0.33035680 0.33408906 0.32623492 0.32715111
0.32927259 0.32760408 0.33364428 0.32424270 0.32921563 0.32346051 0.32861827 0.33187539 0.32538089 0.32685726
0.33031150 0.32737678 0.33360948 0.32460153 0.32928992 0.32333940 0.32842553 0.33091024 0.32877909 0.32635626
0.32882607 0.32897364 0.33369049 0.32720779 0.32952252 0.32278280 0.32829757 0.33051428 0.32529356 0.32702449
0.32796609 0.32639830 0.33195256 0.32505148 0.32856239 0.32316380 0.32717494 0.33003675 0.32788602 0.32657095
0.33134519 0.32912804 0.33214763 0.32617127 0.32839070 0.32221555 0.32685419 0.32961303 0.32520298 0.32650216
0.32907885 0.32693756 0.33699081 0.32432741 0.32923935 0.32175766 0.32740476 0.33021825 0.32394042 0.32547599
0.32850800 0.32532617 0.35683430 0.32256964 0.32890897 0.32159152 0.32652442 0.32933260 0.32353093 0.32481494
0.32768463 0.32569808 0.33201381 0.32229665 0.33055165 0.32103105 0.32588587 0.32858464 0.32313787 0.32457507
0.32681005 0.32615668 0.33257142 0.32385050 0.32760957 0.32155215 0.32578780 0.33103033 0.32508703 0.32425482
0.32635604 0.32524949 0.33084363 0.32182384 0.32774947 0.32336969 0.32836792 0.32895243 0.32291089 0.32417521
0.32625483 0.32377681 0.33050959 0.32163986 0.32786510 0.32057389 0.32538557 0.32781069 0.32253687 0.32369226
0.32944038 0.32669917 0.33253754 0.32110227 0.32626330 0.32096981 0.32516951 0.32837155 0.32194995 0.32411208
0.32605215 0.32392707 0.33211788 0.32086154 0.32608833 0.32510487 0.32576112 0.32726813 0.32370057 0.32343205
0.32524744 0.32357458 0.32968012 0.32357247 0.32531305 0.32251746 0.33319388 0.32645937 0.32216383 0.32262563
0.32782739 0.32300264 0.32940674 0.32113192 0.32631794 0.31929000 0.32678593 0.32609388 0.32477213 0.32209712
0.32617749 0.32210781 0.32910435 0.32064356 0.32506645 0.31964237 0.32492741 0.32776263 0.32116372 0.32236351
0.32441374 0.32189179 0.32870308 0.32176410 0.32521293 0.32365597 0.32351900 0.32591369 0.32087118 0.32311937
0.32835129 0.32174493 0.32854347 0.31964259 0.32697383 0.31924637 0.32338934 0.32654334 0.32164562 0.32160883
0.33118914 0.32236280 0.32796904 0.31911539 0.32472046 0.31789562 0.32246120 0.32567213 0.32097037 0.32133218
0.32404923 0.32221129 0.32786890 0.31953512 0.32384712 0.31782516 0.32232924 0.32520203 0.31981376 0.32221943
0.32534562 0.32350590 0.32791798 0.31820584 0.32465228 0.31749136 0.32206439 0.32435758 0.31937251 0.32143379
0.32386427 0.32365454 0.32725693 0.31888613 0.32319903 0.31783228 0.32162168 0.32477180 0.31889215 0.32102172
