# pytorch neural network ReLU CrossEntropyLoss SGD:
#  unit=[40],batch=64,lr=1e-02,momentum=0.5,epoch=128
0.28145367 0.47623980 0.63692868 0.47503129 0.57240278 0.37485433 0.57917905 0.43014371 0.60416937 0.33471414
0.70352626 0.71297854 0.72847337 0.71457553 0.71487767 0.71505028 0.71466184 0.71164054 0.71487767 0.71288025
0.74565154 0.76218224 0.79230869 0.76844060 0.76188010 0.77815187 0.75678706 0.75588071 0.76213908 0.77747571
0.79407829 0.80538648 0.80767405 0.80318528 0.80581814 0.80530018 0.80495489 0.79973239 0.80046612 0.80509168
0.80935735 0.81432086 0.81419140 0.81242180 0.81604731 0.81220597 0.81410503 0.81207651 0.81173122 0.81380796
0.81358713 0.81751478 0.81621993 0.81604731 0.81945705 0.81570202 0.81729895 0.81604731 0.81643575 0.81652641
0.81725580 0.81937069 0.81820536 0.81777376 0.82049292 0.81919807 0.81962967 0.81850749 0.81954336 0.81838191
0.81902540 0.82122666 0.82083821 0.81988865 0.82260782 0.81967282 0.82148558 0.82023394 0.82118350 0.82118660
0.82165825 0.82196039 0.82290995 0.82109714 0.82308257 0.82256466 0.82360047 0.82131296 0.82273728 0.82174760
0.82282358 0.82334155 0.82459319 0.82364368 0.82385945 0.82394576 0.82385945 0.82308257 0.82532692 0.82299894
0.82351416 0.82498163 0.82584488 0.82377315 0.82610387 0.82463634 0.82619017 0.82467955 0.82580173 0.82459545
0.82524061 0.82627648 0.82709652 0.82506800 0.82666492 0.82597435 0.82869351 0.82619017 0.82670808 0.82640779
0.82601750 0.82670808 0.82847768 0.82662177 0.82783031 0.82649231 0.82908195 0.82713974 0.82856405 0.82658035
0.82774395 0.82852089 0.82977253 0.82770079 0.82890934 0.82808924 0.82994521 0.82839137 0.82800293 0.82791799
0.82873666 0.82964307 0.82972938 0.82882297 0.82899565 0.82877982 0.83197373 0.82895249 0.83020413 0.82847899
0.82947040 0.83037680 0.83111054 0.83041996 0.82977253 0.82890934 0.83115369 0.83050627 0.83063579 0.82912624
0.83037680 0.83115369 0.83214641 0.83145583 0.83141267 0.82951355 0.83210325 0.83085155 0.83223271 0.83029127
0.83145583 0.83296645 0.83257800 0.83175796 0.83167166 0.83024734 0.83171481 0.83132637 0.83141267 0.83063644
0.83378655 0.83218956 0.83305281 0.83223271 0.83201694 0.83106738 0.83244854 0.83158529 0.83292329 0.83111113
0.83313912 0.83305281 0.83417499 0.83300960 0.83288014 0.83201694 0.83400232 0.83279383 0.83283699 0.83201724
0.83266431 0.83326858 0.83357072 0.83244854 0.83292329 0.83214641 0.83434761 0.83318228 0.83352757 0.83257818
0.83361387 0.83279383 0.83417499 0.83413184 0.83387285 0.83348441 0.83430445 0.83339810 0.83322543 0.83288026
0.83447713 0.83464974 0.83361387 0.83452028 0.83400232 0.83305281 0.83495188 0.83361387 0.83408862 0.83352751
0.83521086 0.83456343 0.83508134 0.83460659 0.83413184 0.83348441 0.83525401 0.83387285 0.83546978 0.83443367
0.83529717 0.83464974 0.83525401 0.83577192 0.83408862 0.83309597 0.83663517 0.83395916 0.83577192 0.83352751
0.83499503 0.83525401 0.83594459 0.83581507 0.83529717 0.83382970 0.83577192 0.83426130 0.83577192 0.83447683
0.83529717 0.83555615 0.83581507 0.83603090 0.83486557 0.83434761 0.83650565 0.83473605 0.83391601 0.83469254
0.83689415 0.83551300 0.83546978 0.83637619 0.83555615 0.83482242 0.83654886 0.83538347 0.83611721 0.83559871
0.83542663 0.83603090 0.83503819 0.83650565 0.83559930 0.83559930 0.83758467 0.83611721 0.83529717 0.83551240
0.83624673 0.83689415 0.83624673 0.83654886 0.83512449 0.83603090 0.83771420 0.83723944 0.83672148 0.83628911
0.83680779 0.83723944 0.83628988 0.83741206 0.83637619 0.83810264 0.83767104 0.83603090 0.83771420 0.83685005
0.83689415 0.83728260 0.83659202 0.83840477 0.83650565 0.83641934 0.83749837 0.83598775 0.83698046 0.83624595
0.83844793 0.83672148 0.83689415 0.83814579 0.83672148 0.83754152 0.83849108 0.83693731 0.83788681 0.83788568
0.83818895 0.83732575 0.83667833 0.83818895 0.83676463 0.83840477 0.83875006 0.83672148 0.83732575 0.83797193
0.83775735 0.83870691 0.83706677 0.83887953 0.83628988 0.83926797 0.83857739 0.83715308 0.83780050 0.83728153
0.83736891 0.83887953 0.83944064 0.83987224 0.83633304 0.83948380 0.83948380 0.83710992 0.83788681 0.83831716
0.83853424 0.83827525 0.83805948 0.84073550 0.83676463 0.83957011 0.83965641 0.83853424 0.83775735 0.83909386
0.83926797 0.83965641 0.83892268 0.84039021 0.83749837 0.84069228 0.83918166 0.83831847 0.83944064 0.83974111
0.83836162 0.83887953 0.83870691 0.84159869 0.83689415 0.84112394 0.84026068 0.83879322 0.83866376 0.83930957
0.83965641 0.83883637 0.83896583 0.84069228 0.83693731 0.84116709 0.83974278 0.83805948 0.83926797 0.83887810
0.84039021 0.83952695 0.83935434 0.84138286 0.83732575 0.84185767 0.84030384 0.83870691 0.84021753 0.83978426
0.84064913 0.84004492 0.83991539 0.84142601 0.83784366 0.84198713 0.84116709 0.83883637 0.84026068 0.84198487
0.83987224 0.83926797 0.83974278 0.84108073 0.83879322 0.84285039 0.84112394 0.83978593 0.84151238 0.84069037
0.84125340 0.84086496 0.83939749 0.84276402 0.83879322 0.84371358 0.84172815 0.83844793 0.84051967 0.84189862
0.84047651 0.84060597 0.84026068 0.84233242 0.83883637 0.84371358 0.84077865 0.83909535 0.84138286 0.84112191
0.84116709 0.84203029 0.84116709 0.84185767 0.83801633 0.84436101 0.84177130 0.83952695 0.84203029 0.84194177
0.84146923 0.84125340 0.84008807 0.84272087 0.83969963 0.84539688 0.84190083 0.84013122 0.84194398 0.84280473
0.84259140 0.84060597 0.84159869 0.84310931 0.83961326 0.84535372 0.84155554 0.83913851 0.84237558 0.84396982
0.84203029 0.84233242 0.84060597 0.84461999 0.83991539 0.84556949 0.84267771 0.83905220 0.84237558 0.84388351
0.84341145 0.84328198 0.84155554 0.84427470 0.84077865 0.84595793 0.84185767 0.83982909 0.84397256 0.84375405
0.84379989 0.84259140 0.84228927 0.84414518 0.84099442 0.84595793 0.84267771 0.84026068 0.84444731 0.84384036
0.84479260 0.84215981 0.84077865 0.84509474 0.84086496 0.84712332 0.84289354 0.83961326 0.84410203 0.84401292
0.84285039 0.84427470 0.84177130 0.84500843 0.84146923 0.84621692 0.84302300 0.84017438 0.84444731 0.84457392
0.84410203 0.84531057 0.84190083 0.84569901 0.84159869 0.84643275 0.84392941 0.84017438 0.84461999 0.84522116
0.84310931 0.84522420 0.84241873 0.84604430 0.84190083 0.84755492 0.84358412 0.84043336 0.84526736 0.84422868
0.84371358 0.84444731 0.84302300 0.84690750 0.84233242 0.84690750 0.84341145 0.84172815 0.84556949 0.84565264
0.84474945 0.84621692 0.84332514 0.84595793 0.84254825 0.84738231 0.84379989 0.84146923 0.84617376 0.84530747
0.84410203 0.84613061 0.84349775 0.84712332 0.84509474 0.84712332 0.84461999 0.84112394 0.84708017 0.84569579
0.84479260 0.84582847 0.84509474 0.84660536 0.84319568 0.84742546 0.84336829 0.84155554 0.84613061 0.84673136
0.84548318 0.84630322 0.84431785 0.84794337 0.84323883 0.84798652 0.84505159 0.84164184 0.84686434 0.84694713
0.84544003 0.84686434 0.84379989 0.84854764 0.84431785 0.84815919 0.84505159 0.84297985 0.84690750 0.84642935
0.84569901 0.84677804 0.84427470 0.84802967 0.84479260 0.84872025 0.84418833 0.84272087 0.84703702 0.84811217
0.84591478 0.84746861 0.84492207 0.84824550 0.84509474 0.84811604 0.84531057 0.84297985 0.84708017 0.84785330
0.84643275 0.84785706 0.84487891 0.84876341 0.84569901 0.84897923 0.84595793 0.84349775 0.84824550 0.84750807
0.84621692 0.84777075 0.84561265 0.84850448 0.84587163 0.85010141 0.84613061 0.84345460 0.84664851 0.84841424
0.84686434 0.84910870 0.84531057 0.84893608 0.84518105 0.84906554 0.84647590 0.84397256 0.84785706 0.84854370
0.84790021 0.84915191 0.84548318 0.84889293 0.84587163 0.85092151 0.84595793 0.84250510 0.84859079 0.84910464
0.84777075 0.84941083 0.84595793 0.84867710 0.84647590 0.85048985 0.84531057 0.84367043 0.84863394 0.84901834
0.84785706 0.84958351 0.84673488 0.84954035 0.84574217 0.84997195 0.84686434 0.84410203 0.84820235 0.84979504
0.84807283 0.84919506 0.84695065 0.85061938 0.84790021 0.85130996 0.84738231 0.84487891 0.84919506 0.84940666
0.84729594 0.84988564 0.84699380 0.84936768 0.84647590 0.85023093 0.84785706 0.84526736 0.84941083 0.85014021
0.84867710 0.85018778 0.84716648 0.85079199 0.84764123 0.85122359 0.84802967 0.84496528 0.85079199 0.85065806
0.84846133 0.84945399 0.84746861 0.85182786 0.84777075 0.85130996 0.84772760 0.84526736 0.85031724 0.85070121
0.84798652 0.85074884 0.84733909 0.85070568 0.84695065 0.85165524 0.84837496 0.84608746 0.84846133 0.84979504
0.84966981 0.85053307 0.84854764 0.85113728 0.84859079 0.85118043 0.84902239 0.84669173 0.85031724 0.85074431
0.84954035 0.85182786 0.84850448 0.85061938 0.84859079 0.85238898 0.84884977 0.84595793 0.85092151 0.85078746
0.85040355 0.85143942 0.84790021 0.85161209 0.84880662 0.85230267 0.84893608 0.84569901 0.85148257 0.85165048
0.84975612 0.85195738 0.84751177 0.85148257 0.84923822 0.85169840 0.84863394 0.84651905 0.85105097 0.85113269
0.85001510 0.85087836 0.84746861 0.85208684 0.84884977 0.85277742 0.84893608 0.84725279 0.85139626 0.85242718
0.84949720 0.85234582 0.84867710 0.85165524 0.85100782 0.85238898 0.84932452 0.84785706 0.85130996 0.85234088
0.85027409 0.85256159 0.84928137 0.85165524 0.85040355 0.85286373 0.85023093 0.84712332 0.85135311 0.85208201
0.85031724 0.85243213 0.84902239 0.85191417 0.85105097 0.85325217 0.85036039 0.84708017 0.85122359 0.85290182
0.85105097 0.85178471 0.84949720 0.85230267 0.85122359 0.85303640 0.85044670 0.84846133 0.85195738 0.85290182
0.85126680 0.85225946 0.84992880 0.85165524 0.85156888 0.85433120 0.85100782 0.84725279 0.85325217 0.85268611
0.85191417 0.85264796 0.84975612 0.85424489 0.85191417 0.85420173 0.85010141 0.84755492 0.85290688 0.85333335
0.85074884 0.85290688 0.84906554 0.85364062 0.85161209 0.85424489 0.85048985 0.84833181 0.85277742 0.85242718
0.85243213 0.85359746 0.84975612 0.85385644 0.85061938 0.85459018 0.85208684 0.84932452 0.85243213 0.85350591
0.85273427 0.85411543 0.84919506 0.85441756 0.85329533 0.85351115 0.85174155 0.84876341 0.85282058 0.85380799
0.85256159 0.85398591 0.85010141 0.85333854 0.85329533 0.85454702 0.85195738 0.84815919 0.85372698 0.85385114
0.85221630 0.85476285 0.85031724 0.85377014 0.85191417 0.85506493 0.85191417 0.84919506 0.85359746 0.85376483
0.85148257 0.85385644 0.85040355 0.85446072 0.85312271 0.85588503 0.85217315 0.84850448 0.85450387 0.85398060
0.85282058 0.85476285 0.85027409 0.85299325 0.85303640 0.85506493 0.85282058 0.85027409 0.85303640 0.85497302
0.85195738 0.85346800 0.85031724 0.85372698 0.85351115 0.85558289 0.85264796 0.85010141 0.85329533 0.85596550
0.85325217 0.85502177 0.84988564 0.85381329 0.85381329 0.85571235 0.85230267 0.84910870 0.85377014 0.85518879
0.85247529 0.85351115 0.85118043 0.85541022 0.85407227 0.85635978 0.85264796 0.85040355 0.85471964 0.85544771
0.85251844 0.85471964 0.85036039 0.85385644 0.85420173 0.85601449 0.85329533 0.85036039 0.85424489 0.85523194
0.85333854 0.85584188 0.85070568 0.85545343 0.85420173 0.85519445 0.85346800 0.85010141 0.85471964 0.85480040
0.85420173 0.85541022 0.85122359 0.85467649 0.85446072 0.85627347 0.85295004 0.84928137 0.85545343 0.85557711
0.85424489 0.85566920 0.85169840 0.85553974 0.85377014 0.85700721 0.85446072 0.85018778 0.85377014 0.85618120
0.85484916 0.85644609 0.85118043 0.85510814 0.85377014 0.85631663 0.85459018 0.85048985 0.85605764 0.85631067
0.85463333 0.85545343 0.85070568 0.85588503 0.85441756 0.85739565 0.85415858 0.85057622 0.85454702 0.85596550
0.85307956 0.85657561 0.85217315 0.85571235 0.85454702 0.85752517 0.85480601 0.85044670 0.85536706 0.85695791
0.85441756 0.85614401 0.85152572 0.85597134 0.85471964 0.85683459 0.85333854 0.85079199 0.85536706 0.85734630
0.85562605 0.85549659 0.85238898 0.85605764 0.85579872 0.85752517 0.85502177 0.85187101 0.85592818 0.85725999
0.85506493 0.85648930 0.85213000 0.85683459 0.85459018 0.85834521 0.85459018 0.85096467 0.85610080 0.85644013
0.85489231 0.85692090 0.85329533 0.85623032 0.85424489 0.85730934 0.85562605 0.85225946 0.85610080 0.85695791
0.85558289 0.85748196 0.85260475 0.85653245 0.85562605 0.85782725 0.85588503 0.85221630 0.85730934 0.85795039
0.85532391 0.85782725 0.85295004 0.85653245 0.85545343 0.85899264 0.85523760 0.85243213 0.85670507 0.85807985
0.85713667 0.85765463 0.85225946 0.85657561 0.85623032 0.85886312 0.85476285 0.85230267 0.85679138 0.85816610
0.85597134 0.85761148 0.85286373 0.85545343 0.85584188 0.85959685 0.85536706 0.85320902 0.85735250 0.85829556
0.85683459 0.85782725 0.85307956 0.85618716 0.85541022 0.85912210 0.85610080 0.85333854 0.85730934 0.85820925
0.85726619 0.85752517 0.85389960 0.85640293 0.85579872 0.85925156 0.85610080 0.85377014 0.85778409 0.85842502
0.85579872 0.85869050 0.85351115 0.85631663 0.85631663 0.85881996 0.85687774 0.85303640 0.85761148 0.86006474
0.85661876 0.85851783 0.84621692 0.85717988 0.85523760 0.85955369 0.85644609 0.85415858 0.85752517 0.85881341
0.85739565 0.85976952 0.85316586 0.85778409 0.85536706 0.85881996 0.85601449 0.85264796 0.85782725 0.85920173
0.85700721 0.85799992 0.85355431 0.85765463 0.85471964 0.85981268 0.85812938 0.85325217 0.85873365 0.85885650
0.85670507 0.85864735 0.85329533 0.85787046 0.85648930 0.85942423 0.85648930 0.85454702 0.85774094 0.85915858
0.85817254 0.85916525 0.85351115 0.85683459 0.85597134 0.85929477 0.85748196 0.85441756 0.85817254 0.86028045
0.85761148 0.85959685 0.85433120 0.85860419 0.85640293 0.86071908 0.85843152 0.85381329 0.85847467 0.86010790
0.85752517 0.86076224 0.85424489 0.85774094 0.85644609 0.86080539 0.85825890 0.85558289 0.85912210 0.86015105
0.85847467 0.85981268 0.85402912 0.85860419 0.85614401 0.85955369 0.85761148 0.85528076 0.85912210 0.86023730
0.85894948 0.86153913 0.85420173 0.85985583 0.85709351 0.86097801 0.85830206 0.85592818 0.85877681 0.86019415
0.85778409 0.86063272 0.85441756 0.85886312 0.85765463 0.86136651 0.85847467 0.85661876 0.85847467 0.86122978
0.85989898 0.86166859 0.85523760 0.85938108 0.85808623 0.86007166 0.85825890 0.85545343 0.85886312 0.86157495
0.85985583 0.86132330 0.85497862 0.85899264 0.85748196 0.86166859 0.85873365 0.85618716 0.85981268 0.86118662
0.85683459 0.86106437 0.85493547 0.85925156 0.85799992 0.86171174 0.85933793 0.85614401 0.85981268 0.86200649
0.85912210 0.86140966 0.85523760 0.85929477 0.85946739 0.86235917 0.85864735 0.85670507 0.86106437 0.86170441
0.85920841 0.86210024 0.85467649 0.85869050 0.85834521 0.86296344 0.85972637 0.85661876 0.86028743 0.86144555
0.85907894 0.86162543 0.85566920 0.85920841 0.85830206 0.86063272 0.85925156 0.85769778 0.86024427 0.86192018
