# pytorch nn 3 hidden layer ReLU CrossEntropyLoss SGD:
#  unit=[80, 40, 20],batch=64,lr=1e-02,momentum0.9,epoch=32
0.68043838 0.68603581 0.70212367 0.69381528 0.71642725 0.70431002 0.70565594 0.71863010 0.67500622 0.69724868
0.46310003 0.43819351 0.47595013 0.44061465 0.46287642 0.45386566 0.47025368 0.47373463 0.43815484 0.44800696
0.37746383 0.37216164 0.37582309 0.37410685 0.37697578 0.37635650 0.37255581 0.37765594 0.37245075 0.37274215
0.37748396 0.36047296 0.36579970 0.36666984 0.36776076 0.36498955 0.36172546 0.36456584 0.36003923 0.36135048
0.36080062 0.35475670 0.36573183 0.36179437 0.35852884 0.35728272 0.35497909 0.35824923 0.35367444 0.35582520
0.35212887 0.35179059 0.43136721 0.35051553 0.35524864 0.35312466 0.34969081 0.35195752 0.34791231 0.35006506
0.34735157 0.34485859 0.36012033 0.34695232 0.35522952 0.35228569 0.34569534 0.34864810 0.34444798 0.34537853
0.34294279 0.34066388 0.35100209 0.34393915 0.34987285 0.34592645 0.34092197 0.34468776 0.33967786 0.34192165
0.33905852 0.33658508 0.34705376 0.34229609 0.34227113 0.34121990 0.33815517 0.33982883 0.33746682 0.33828814
0.33734028 0.33440890 0.34099100 0.33397920 0.33827202 0.34121840 0.33479907 0.33797301 0.33140682 0.33267415
0.33034133 0.32811873 0.34040109 0.33121649 0.33177786 0.33567001 0.33406429 0.36254638 0.32747193 0.33158521
0.32550853 0.32623912 0.33214691 0.32770474 0.32898088 0.33313878 0.33149998 0.33144156 0.32542002 0.32685192
0.32373012 0.32568399 0.32837173 0.32320780 0.32679370 0.33040471 0.32577003 0.32987838 0.32138718 0.32633174
0.32179994 0.31829971 0.32653534 0.31886733 0.32441893 0.32715695 0.32119965 0.33103434 0.32341800 0.32300123
0.31547939 0.31274483 0.32630868 0.31892632 0.32342748 0.32741378 0.31667755 0.32229225 0.34580740 0.31846459
0.31221318 0.31036300 0.31928930 0.32317855 0.32873223 0.31815791 0.31347318 0.32038568 0.31667144 0.31542593
0.30968224 0.30792674 0.31550541 0.31164919 0.31796675 0.31935215 0.31211472 0.31481625 0.31255784 0.31146081
0.30938409 0.30692400 0.31208851 0.30678695 0.31001133 0.33883712 0.30632348 0.31161264 0.30779070 0.30994970
0.30460313 0.30051465 0.31006895 0.30601680 0.30938727 0.31938264 0.30850844 0.31369253 0.30356710 0.30531879
0.29889333 0.29529601 0.30756400 0.31029345 0.30685011 0.33456470 0.32915002 0.30538563 0.30367991 0.30349045
0.29780014 0.29343323 0.30683273 0.29898780 0.30325062 0.32100677 0.31233738 0.31331605 0.29796704 0.30158753
0.29246117 0.29316857 0.30096314 0.29831829 0.31257911 0.30985108 0.30187209 0.33341825 0.29660900 0.29813678
0.29078784 0.29417477 0.31650712 0.29425166 0.29912182 0.30720348 0.29864260 0.30202536 0.29306294 0.29672212
0.28816200 0.28470552 0.29773088 0.28939664 0.30033007 0.30411196 0.29504696 0.29612931 0.29150139 0.29314616
0.28937079 0.28316399 0.30301356 0.29105111 0.30382761 0.29970411 0.29237167 0.28956002 0.29298265 0.29284469
0.28406501 0.27859870 0.31071328 0.30437017 0.29583441 0.29739438 0.28886493 0.29277905 0.36385902 0.28952086
0.28030600 0.27745417 0.31381868 0.28889416 0.29119878 0.29476523 0.28257130 0.31863836 0.30974888 0.29208991
0.27606336 0.28178343 0.29454211 0.28421056 0.28904286 0.29314185 0.28181817 0.29037319 0.29175457 0.28054790
0.27479203 0.27501783 0.29137399 0.28069982 0.28640277 0.29281314 0.28624074 0.28420574 0.28698228 0.28193244
0.27051308 0.28026673 0.28490170 0.28320979 0.29275371 0.28525260 0.28791207 0.28012899 0.28142470 0.27692130
0.26768276 0.27362513 0.28160823 0.27285982 0.27913090 0.28322572 0.27615344 0.28124874 0.28128727 0.27674987
0.26883849 0.34136833 0.29181064 0.27089460 0.27714842 0.28232377 0.27483346 0.27401082 0.28216379 0.27045626
0.30606084 0.29792878 0.27953397 0.26646582 0.27483981 0.28237128 0.27175258 0.26972673 0.27477786 0.26937697
