# pytorch neural network ReLU CrossEntropyLoss SGD:
#  unit=[80, 20],batch=64,lr=1e-02,momentum=0.5,epoch=128
# train_loss, train_acc, val_loss, val_acc
0.01602385 0.13295993 0.01607186 0.13391337
0.00955455 0.00397212 0.01322147 0.01704883
0.01064389 0.01518028 0.01051976 0.00912380
0.00614765 0.00419531 0.01239033 0.00535337
0.00551227 0.00198383 0.01299241 0.00574300
0.00287582 0.00148532 0.01256552 0.00544561
0.00261254 0.00154733 0.01175621 0.00576518
0.00300986 0.00135150 0.01223651 0.00447882
0.00229299 0.00161692 0.01301382 0.00519675
0.00239766 0.00155239 0.01267999 0.00594148
0.00290293 0.00147094 0.01141148 0.00499337
0.00214790 0.00125912 0.01409184 0.00507010
0.00329207 0.00161543 0.01118792 0.00567465
0.00275365 0.00155118 0.01444284 0.00548732
0.00248050 0.00160577 0.01320011 0.00586548
0.00198765 0.00178929 0.01410914 0.00665990
0.00248891 0.00189911 0.01390314 0.00661511
0.00236453 0.00202577 0.01583916 0.00792659
0.00204182 0.00206131 0.01413479 0.00551265
0.00162313 0.00225298 0.01367804 0.00521797
0.00234794 0.00182325 0.01423335 0.00656024
0.00318299 0.00225581 0.01297481 0.00692827
0.00272879 0.00250343 0.01406085 0.00723158
0.00267697 0.00242596 0.01299409 0.00689610
0.00301597 0.00251438 0.01285881 0.00676202
0.00255335 0.00216301 0.01550583 0.00612424
0.00218400 0.00233856 0.01331595 0.00759255
0.00199985 0.00259261 0.01480695 0.00711057
0.00203907 0.00246835 0.01490578 0.00650070
0.00215576 0.00249134 0.01364563 0.00696381
0.00302613 0.00246291 0.01708898 0.00922575
0.00336100 0.00240183 0.01038744 0.00554031
0.00259363 0.00269130 0.01385816 0.00689235
0.00263712 0.00276135 0.01196601 0.00645468
0.00240177 0.00277668 0.01525740 0.00695310
0.00193716 0.00250597 0.01584129 0.00812518
0.00186125 0.00252971 0.01448212 0.00708962
0.00257996 0.00274906 0.01346200 0.00601342
0.00241217 0.00253380 0.01831341 0.01199778
0.00375183 0.00241020 0.02172505 0.01076995
0.00309938 0.00218054 0.01251621 0.00753675
0.00336169 0.00288568 0.01432967 0.00764784
0.00294439 0.00237599 0.01357298 0.00682255
0.00265196 0.00206348 0.01260212 0.00732857
0.00277290 0.00240529 0.01590261 0.00829275
0.00280957 0.00199048 0.01713362 0.01161659
0.00306235 0.00207654 0.01663605 0.00850001
0.00399229 0.00209015 0.02238103 0.01187994
0.00349431 0.00219139 0.01638047 0.00726026
0.00256400 0.00220238 0.01189062 0.00721844
0.00269210 0.00229124 0.01373323 0.00771290
0.00389441 0.00218874 0.01387344 0.00713568
0.00278475 0.00198971 0.35062176 0.08243680
0.01927533 0.00646788 0.01926164 0.01029910
0.00216001 0.00148085 0.01605663 0.00840988
0.00258707 0.00188679 0.03495752 0.02265332
0.00287624 0.00186406 0.01337961 0.00736911
0.00368021 0.00158914 0.13590558 0.06621040
0.00494341 0.00162688 0.05526672 0.03478646
0.00414992 0.00228830 0.02542658 0.01747422
0.00530536 0.00160800 0.06063841 0.03271739
0.00312784 0.00174967 0.01671341 0.00784422
0.00413502 0.00154137 0.01254629 0.00643943
0.00310836 0.00232863 0.03035691 0.01507962
0.00276641 0.00128294 0.01239390 0.00653580
0.00262432 0.00148696 0.01675756 0.00806305
0.00263272 0.00144133 0.01377376 0.00618306
0.00234183 0.00178734 0.01461736 0.00667834
0.00394453 0.00189662 0.05987311 0.03220555
0.00503317 0.00313932 0.03345325 0.01935175
0.00295703 0.00150798 0.01780492 0.00925697
0.00260156 0.00137870 0.02004718 0.01207296
0.00241458 0.00136568 0.10087977 0.05649393
0.00367607 0.00141180 0.12295330 0.06759421
0.00533671 0.00303707 0.02129959 0.01019130
0.00255687 0.00147506 0.11012557 0.05573651
0.00438265 0.00274002 0.02522638 0.01307394
0.00375224 0.00212656 0.01964465 0.01073821
0.00521927 0.00127212 0.03941101 0.01803380
0.00413709 0.00176856 0.03649967 0.01543809
0.00344580 0.00196132 0.02283076 0.01244885
0.00394432 0.00147348 0.01725205 0.00807474
0.00256043 0.00192161 0.06555790 0.02609085
0.00281467 0.00150954 0.04722702 0.01971059
0.00275672 0.00200430 0.03787815 0.01894611
0.00254796 0.00151793 0.01590144 0.00757426
0.00589694 0.00169642 0.13252861 0.08008050
0.00537009 0.00249255 0.02744734 0.01224854
0.00326562 0.00170154 0.04834192 0.02979291
0.00474522 0.00181661 0.48854835 0.08418389
0.01723808 0.00527540 0.01820811 0.00811631
0.00408968 0.00282183 0.04927284 0.02493551
0.00379199 0.00205483 0.02490304 0.01143779
0.00373397 0.00219586 0.04077985 0.01619293
0.00266743 0.00154407 0.10496757 0.04795441
0.00313721 0.00205260 0.02240230 0.00845894
0.00338681 0.00174698 0.22686944 0.10184417
0.00703730 0.00394828 0.01991661 0.00944531
0.00294019 0.00196184 0.01731551 0.00841066
0.00323285 0.00184748 0.08506907 0.02002105
0.02005239 0.00587598 0.04244086 0.01860277
0.00482573 0.00279379 0.11628286 0.05757236
0.00463595 0.00215790 0.03442058 0.01517939
0.00360558 0.00185637 0.19347349 0.09003461
0.00425686 0.00237377 0.09042734 0.03759127
0.00428610 0.00220574 0.39851521 0.12590026
0.00634063 0.00207469 0.02859383 0.01632108
0.00326413 0.00164284 0.01723587 0.00695763
0.00335840 0.00147459 0.04807328 0.01929076
0.00401579 0.00186103 0.08613389 0.04015642
0.00513292 0.00319463 0.01951676 0.00937433
0.00277604 0.00117825 0.03820051 0.01678215
0.00282794 0.00129192 0.26800338 0.06853296
0.00657578 0.00282178 0.04087627 0.01755823
0.00414829 0.00150406 0.14294871 0.04743408
0.00625471 0.00335533 0.09497462 0.04296501
0.00356395 0.00195410 0.04063347 0.01942467
0.00367052 0.00166278 0.14623883 0.03767076
0.00410344 0.00180273 0.06907975 0.02492164
0.00258652 0.00144717 0.05938157 0.02434304
0.00288472 0.00144815 0.01832987 0.00862041
0.00312827 0.00152343 0.01993998 0.00552122
0.00306153 0.00122338 0.19218291 0.07630748
0.00736091 0.00376130 0.03467306 0.01212968
0.00297562 0.00189983 0.07866088 0.02763032
0.00267279 0.00204525 0.02176076 0.00880349
0.00235374 0.00216166 0.04816302 0.02023793
0.00249075 0.00149299 0.02260395 0.00981655
0.00295963 0.00153437 0.06020711 0.02657897
