# pytorch neural network ReLU CrossEntropyLoss SGD:
#  unit=[80, 20],batch=64,lr=1e-02,momentum=0.5,epoch=128
0.70076331 0.69406527 0.68419855 0.69851530 0.70147345 0.66256117 0.71798675 0.67058654 0.68364355 0.70694156
0.55767815 0.54362569 0.54332847 0.54693001 0.55049703 0.53930216 0.55634161 0.55048574 0.53389177 0.52500501
0.44037621 0.43007507 0.43851820 0.44424980 0.46273705 0.43801300 0.44770581 0.45037729 0.43331360 0.42301898
0.40059689 0.39914976 0.40196949 0.40165526 0.41954723 0.39861301 0.40390111 0.40741685 0.39912604 0.39789280
0.38896294 0.39230936 0.39013851 0.39029883 0.40682933 0.38716229 0.38924999 0.39114057 0.38743455 0.38703831
0.38654328 0.38259965 0.38414771 0.38343687 0.39128770 0.38454556 0.38153027 0.38446554 0.38237466 0.38056589
0.37831114 0.37810399 0.37889924 0.37812271 0.38493031 0.37884794 0.37668023 0.38192629 0.37583036 0.37627144
0.37449905 0.37456340 0.37655047 0.37630928 0.37978942 0.37276076 0.37179380 0.38044264 0.37202178 0.37194168
0.37119622 0.37168572 0.37210572 0.37158616 0.37685636 0.37042590 0.37009881 0.37392309 0.36902122 0.36862240
0.36996394 0.36968423 0.36940989 0.36767136 0.37314023 0.36690765 0.36602174 0.36964969 0.36493630 0.36556452
0.36630776 0.36996745 0.36959184 0.36648119 0.37071953 0.36770345 0.36239035 0.36820095 0.36295976 0.36308513
0.36393847 0.36604985 0.36539065 0.36558292 0.36695607 0.36580177 0.36106751 0.36542159 0.36101663 0.36141518
0.36150790 0.36378330 0.36863214 0.36574461 0.36483970 0.36094063 0.35898699 0.36740227 0.36088904 0.35865171
0.36525139 0.36099951 0.36371680 0.35930684 0.36386468 0.35909008 0.35877409 0.36312229 0.35766297 0.35710419
0.35962714 0.36059550 0.35949322 0.35896567 0.36176692 0.35913961 0.35596833 0.36335014 0.35500526 0.35642922
0.35747769 0.35917324 0.35781138 0.35598494 0.35860541 0.35656413 0.35427580 0.35926175 0.35323805 0.35497393
0.35518777 0.35706471 0.35647917 0.35394787 0.36017784 0.35497383 0.35203142 0.35660888 0.35185024 0.35249261
0.35521153 0.35624762 0.35672438 0.35143618 0.35638356 0.35795199 0.35441962 0.35622925 0.35182651 0.35090136
0.35259997 0.35668899 0.35542061 0.35097839 0.35365384 0.35501449 0.35056575 0.35379822 0.35230620 0.35042029
0.35205286 0.35341178 0.35268064 0.35080050 0.35265329 0.35191034 0.35110286 0.35272797 0.34829820 0.34883276
0.35071760 0.35209112 0.35161579 0.35084597 0.35371470 0.35490605 0.34907832 0.35184998 0.34773353 0.34703009
0.34908983 0.35054160 0.35756117 0.34664644 0.34993792 0.35199198 0.34634941 0.35117796 0.34758994 0.34723734
0.34800473 0.34961690 0.35106819 0.34598421 0.34946060 0.35330272 0.34561784 0.34961975 0.34438420 0.34529768
0.34681911 0.35022287 0.34851401 0.34411429 0.35167639 0.34810876 0.34426202 0.34799700 0.34319009 0.34487319
0.34598923 0.34766626 0.34935072 0.34284794 0.34826998 0.34675771 0.35268163 0.34756767 0.34221471 0.34377769
0.34808916 0.35067993 0.34755908 0.34558795 0.34699807 0.34720659 0.34641640 0.34635603 0.34129775 0.34250798
0.34620589 0.34694522 0.34579667 0.34103158 0.34457122 0.34540780 0.34193143 0.34495965 0.34071735 0.34203774
0.34384016 0.34476238 0.34458231 0.33934980 0.34346282 0.34546059 0.34163991 0.34383008 0.34006254 0.34119830
0.34243163 0.34488488 0.34351936 0.33822400 0.34413403 0.34336987 0.34057907 0.34305646 0.34304159 0.33943699
0.34129587 0.34288280 0.34301851 0.33711835 0.34200765 0.34284431 0.33946401 0.34281515 0.33814439 0.33859086
0.34160621 0.34351576 0.34627471 0.33633975 0.34579090 0.34186034 0.34052613 0.34171680 0.33851364 0.33839523
0.34154515 0.34207769 0.34163568 0.33654493 0.34025941 0.34091877 0.33896137 0.34766323 0.33545389 0.33674581
0.33918777 0.34029918 0.34022656 0.33510258 0.33890952 0.34052250 0.33708818 0.34269063 0.33425211 0.33580514
0.33766174 0.33978327 0.34114797 0.33329179 0.33817429 0.33983958 0.33545267 0.33952591 0.33420508 0.33460525
0.33695026 0.33841350 0.34029082 0.33617520 0.33862550 0.33850574 0.33654655 0.34108378 0.33259360 0.33485559
0.33661843 0.33669617 0.33801992 0.33258961 0.33666369 0.33777584 0.33525990 0.33693308 0.33922482 0.33343652
0.33550279 0.33672788 0.33707645 0.33308334 0.33561268 0.33680014 0.33415359 0.33602167 0.33146861 0.33262115
0.33454825 0.33882253 0.33645178 0.33403789 0.33465032 0.33631936 0.33243357 0.33426310 0.32935343 0.33125551
0.33552832 0.33432383 0.33540539 0.32884672 0.33374527 0.33524063 0.33479039 0.33367088 0.32929513 0.33091265
0.33411198 0.33286855 0.34100032 0.32762371 0.33390812 0.33835263 0.33186552 0.33372470 0.33046814 0.32979330
0.33243736 0.33541758 0.33717199 0.32658129 0.33228879 0.33531693 0.33154195 0.33251382 0.32998622 0.32842953
0.33060217 0.33365454 0.33617117 0.32549237 0.33174162 0.33462463 0.32897459 0.33092499 0.32650663 0.32750913
0.32961427 0.33058067 0.33225871 0.32499074 0.33077747 0.33443861 0.32824326 0.33136263 0.32476576 0.32747259
0.32859113 0.32994978 0.33107121 0.32388491 0.33075678 0.33249394 0.32761995 0.33099733 0.32617021 0.32578632
0.32904446 0.32818286 0.33464126 0.32396557 0.32902074 0.33067153 0.32713992 0.32844734 0.32611315 0.32605556
0.32662797 0.32857378 0.32975161 0.32357555 0.32868201 0.33284238 0.32593456 0.32698289 0.32400042 0.32383874
0.32949171 0.32691898 0.32878372 0.32182414 0.32802881 0.33130802 0.32662053 0.32618320 0.32207124 0.32297072
0.32647763 0.33410263 0.32783983 0.31992410 0.32672634 0.32871308 0.32562674 0.32490374 0.32061272 0.32201444
0.32362241 0.33229400 0.32679113 0.32003861 0.32635753 0.32741783 0.32476933 0.32430638 0.32071464 0.32137715
0.32239007 0.32559723 0.32640665 0.31907226 0.32472716 0.32591612 0.32318631 0.32370266 0.31929500 0.32056640
0.32200381 0.32362562 0.32504714 0.31760552 0.32357825 0.32584672 0.32224898 0.32229372 0.31769229 0.31970769
0.32174084 0.32236771 0.32457874 0.31694987 0.32952493 0.32785524 0.32028922 0.32293444 0.31798329 0.31892469
0.32098641 0.32199015 0.32504071 0.32462676 0.32284770 0.32435969 0.31987548 0.32153582 0.31652823 0.31733109
0.31948210 0.32042046 0.32286253 0.38476119 0.32128541 0.32468941 0.32355444 0.31940668 0.31914265 0.31732056
0.31846143 0.31916279 0.32261554 0.32074566 0.32001664 0.32251255 0.32017413 0.31919098 0.31784109 0.31485302
0.31693244 0.32154063 0.32074808 0.31878814 0.31959491 0.32249635 0.31816881 0.31759770 0.31411642 0.31492488
0.31822338 0.32060108 0.32004623 0.31722418 0.31850487 0.32160467 0.31637639 0.31654701 0.31212136 0.31336665
0.31528492 0.31672369 0.31893355 0.31749388 0.31783675 0.32305607 0.31657238 0.31775479 0.32673238 0.31323736
0.31396175 0.31787810 0.31860608 0.31353841 0.31712760 0.33058017 0.31652134 0.31635022 0.32042186 0.31175127
0.31257541 0.31548852 0.31750514 0.31290127 0.31683091 0.32503605 0.31773200 0.31733049 0.30963764 0.31129738
0.31181943 0.31433058 0.31672479 0.31145444 0.31540335 0.31725670 0.32835282 0.32098778 0.30929356 0.31197358
0.31096195 0.31294672 0.31571806 0.31122721 0.31456120 0.31616505 0.31794481 0.31618807 0.30854180 0.30885644
0.31075507 0.31184182 0.31986288 0.30973395 0.31799314 0.31759888 0.31133381 0.31184706 0.30758544 0.30763464
0.31308866 0.31176948 0.31515654 0.30841006 0.31458690 0.31596489 0.30967155 0.31087446 0.30741877 0.30687514
0.31214715 0.31057723 0.31353000 0.30740921 0.31327647 0.31445580 0.30898517 0.30938150 0.30740824 0.30615300
0.30844038 0.31076956 0.31230747 0.30796537 0.31108497 0.31353305 0.30770722 0.30868880 0.30526721 0.30540080
0.30784589 0.31095495 0.31225937 0.30768486 0.31054484 0.31224367 0.30798550 0.30788174 0.30421339 0.30515982
0.30647770 0.30809562 0.31022328 0.30546513 0.30923795 0.31086750 0.30591804 0.30728087 0.30314232 0.30481851
0.30444202 0.30731995 0.30946464 0.30428285 0.30861585 0.31670519 0.30448031 0.30656739 0.30356725 0.30243740
0.30503379 0.30552296 0.30904424 0.30313709 0.30781087 0.32070452 0.30449232 0.30595048 0.30369488 0.30231820
0.30382921 0.30515873 0.30770088 0.30264377 0.30732175 0.31163424 0.30296721 0.30478071 0.30182789 0.30190864
0.30292506 0.30356953 0.30635482 0.30189291 0.30762907 0.30765928 0.30433807 0.30340879 0.29964517 0.30072758
0.30221296 0.30274309 0.30575953 0.30101105 0.30664494 0.30746110 0.30227521 0.30247940 0.30304661 0.29939740
0.30586445 0.30196518 0.30454887 0.30006242 0.31194034 0.30678818 0.30018331 0.30373464 0.30466518 0.29890189
0.31190323 0.30104992 0.30403937 0.29987606 0.31483068 0.30618599 0.29926721 0.30335503 0.29939956 0.29844643
0.30155616 0.30425724 0.30488663 0.29891946 0.30396072 0.30379474 0.29838186 0.30124497 0.29864748 0.29825722
0.29794658 0.30643113 0.30920455 0.29861320 0.30330160 0.30395088 0.29741274 0.29974461 0.29529472 0.29658713
0.29737156 0.29832047 0.30711169 0.29872364 0.30278124 0.30320481 0.29686117 0.30132590 0.29483698 0.29504674
0.29565963 0.29903481 0.30271732 0.31331211 0.30076140 0.30165116 0.29600202 0.30143505 0.29643187 0.29416081
0.29554593 0.30164614 0.30384168 0.30538971 0.30090326 0.30085924 0.29476374 0.30140031 0.29328855 0.29401811
0.29479546 0.30147462 0.30013158 0.29986854 0.29991710 0.30028986 0.29427776 0.30222065 0.29250471 0.29380196
0.29295639 0.29537665 0.29908264 0.29624514 0.29936153 0.30433475 0.29295009 0.29930206 0.29203424 0.29145869
0.29317554 0.29406872 0.29768247 0.29300638 0.29775490 0.30047423 0.29255202 0.29540760 0.29378558 0.29275379
0.29238137 0.29424236 0.29852200 0.29235861 0.29785667 0.29809748 0.29396072 0.29344038 0.29867625 0.29080003
0.29200059 0.29324446 0.29698322 0.29162149 0.29844609 0.29680971 0.29316439 0.29272950 0.29630118 0.28934796
0.29117639 0.29118476 0.29616768 0.29042588 0.29669858 0.29557213 0.29048527 0.29241458 0.29129615 0.28916524
0.29026423 0.29080281 0.29417668 0.29247475 0.29586341 0.30863549 0.28817964 0.29562441 0.28772202 0.28815455
0.28897098 0.29048779 0.29394005 0.29136027 0.29397023 0.30695934 0.28780878 0.29202150 0.28797609 0.28857236
0.28960230 0.28977724 0.29387099 0.28822944 0.29403915 0.29698013 0.28853350 0.29233358 0.28650283 0.28711408
0.28923305 0.28862489 0.30146873 0.29396673 0.29438298 0.29265467 0.28911429 0.29725184 0.28556744 0.28658364
0.28672293 0.28816233 0.34488846 0.28817536 0.29094339 0.29165467 0.28572819 0.29265464 0.28367128 0.28566577
0.28542811 0.28675593 0.29665483 0.28655399 0.29055332 0.29292141 0.28455472 0.29303342 0.28440665 0.28565718
0.28506693 0.28585506 0.29472268 0.28627744 0.29133273 0.29280061 0.28432548 0.29188996 0.28577348 0.28410828
0.28578211 0.28611596 0.29568445 0.28546234 0.29012040 0.29073749 0.28329106 0.28609142 0.28423595 0.28332299
0.28878594 0.28475508 0.29197242 0.28470578 0.28896197 0.28950343 0.28447458 0.28539823 0.28758407 0.28331725
0.29020016 0.28283194 0.29113514 0.28429796 0.28770158 0.28821618 0.28928102 0.28641642 0.28353409 0.28159905
0.28360815 0.28233494 0.29245012 0.28603563 0.28771368 0.28801131 0.28720350 0.28466488 0.28095448 0.28136577
0.28182809 0.28138710 0.29809077 0.28721467 0.28641249 0.28560024 0.30063961 0.28252247 0.27877109 0.28045510
0.28051078 0.28110810 0.28719787 0.28216743 0.28565476 0.28625472 0.28424814 0.28165871 0.27784364 0.27949887
0.27991754 0.28029661 0.28791933 0.28216965 0.28627746 0.28431514 0.28006746 0.28074107 0.27750281 0.27830895
0.27903131 0.27980884 0.34760551 0.28301420 0.28577928 0.28427259 0.27839024 0.28331377 0.27933684 0.27863748
0.28507074 0.28032155 0.29462066 0.27987204 0.28327780 0.28306353 0.27897021 0.28737080 0.28026082 0.27719798
0.29026823 0.28071495 0.28945955 0.28160498 0.28277830 0.28264851 0.27940261 0.27875443 0.27514737 0.27707026
0.28323121 0.27859996 0.28888803 0.27900801 0.28209218 0.28204189 0.27586422 0.27920847 0.27857044 0.27667636
0.28035233 0.27851347 0.28869493 0.27710889 0.28258903 0.28095275 0.27386257 0.27720357 0.28426246 0.27511868
0.28786836 0.27656303 0.28458487 0.27645926 0.28115683 0.28007715 0.27412554 0.27626022 0.27713478 0.27440636
0.29548587 0.27997887 0.28354042 0.27599277 0.28036499 0.27925361 0.27340732 0.27687064 0.27265468 0.27431190
0.27598442 0.27806047 0.28212786 0.27500283 0.27969426 0.27901820 0.27192675 0.27516833 0.27168833 0.27362295
0.27433231 0.27597834 0.28090115 0.27718567 0.27906799 0.27863731 0.27144384 0.27428176 0.27134536 0.27086276
0.27417258 0.28132717 0.27940405 0.27390807 0.28187554 0.27681337 0.27058711 0.27638114 0.27083129 0.27115249
0.27880228 0.27653358 0.27903869 0.27280434 0.28759242 0.27605734 0.27088550 0.27617248 0.26923067 0.27051868
0.27341859 0.27319661 0.27802889 0.27224021 0.27633395 0.27593948 0.27016859 0.27132164 0.26935931 0.27032602
0.27119929 0.27495494 0.27660153 0.27185644 0.27777253 0.27471822 0.26909991 0.27080585 0.27320910 0.26941607
0.27021420 0.27098426 0.27525114 0.27054059 0.27783385 0.27404831 0.26791366 0.27418379 0.29161106 0.26820494
0.26936016 0.28053683 0.27506650 0.26963305 0.27512280 0.27329892 0.26684002 0.27395436 0.26774293 0.26784544
0.26887219 0.28918024 0.27378902 0.26904067 0.27433411 0.27217733 0.26606986 0.27146827 0.26837922 0.26749037
0.26837692 0.26807871 0.27410661 0.27145466 0.27345209 0.27183625 0.26519774 0.27628630 0.26602424 0.26710121
0.27004816 0.26565907 0.27236164 0.27606793 0.27294842 0.27034192 0.26465020 0.26858433 0.26493463 0.26608760
0.27038750 0.26695727 0.27159226 0.26808595 0.27881610 0.27067277 0.26421742 0.26663432 0.26591839 0.26475811
0.26644017 0.26818136 0.27050173 0.26615537 0.27251211 0.27102296 0.26420931 0.26698406 0.26816797 0.26484685
0.26769407 0.26553675 0.27040650 0.26637109 0.26997100 0.27302302 0.26603568 0.26533265 0.26318759 0.26460934
0.26375042 0.26292448 0.26916034 0.26591993 0.26998347 0.27031528 0.26168813 0.26379477 0.26251112 0.26321203
0.26725125 0.26295786 0.26838018 0.26469260 0.27338414 0.26789029 0.26470797 0.26370560 0.26416009 0.26332822
0.27479217 0.26337222 0.26848716 0.26420524 0.28697129 0.26761981 0.26460217 0.26183736 0.26529274 0.26144839
0.26681681 0.26332251 0.26617110 0.26362334 0.26838466 0.26544043 0.26866503 0.26094455 0.26128660 0.25981312
0.26205074 0.26646791 0.26547785 0.26303443 0.26719068 0.26524510 0.26825700 0.26206021 0.26019185 0.26077960
0.26227570 0.26071175 0.26470664 0.26273247 0.26750045 0.26443979 0.26071015 0.26324945 0.25926292 0.26042142
0.26148528 0.25872730 0.26412301 0.26048424 0.26582569 0.26444327 0.26133443 0.25926493 0.25803172 0.26002732
0.26264587 0.25893914 0.26629606 0.26167565 0.26478793 0.26324200 0.25775067 0.25844389 0.25793562 0.25849388
