# pytorch neural network ReLU CrossEntropyLoss SGD:
#  unit=[80, 20],batch=64,lr=1e-02,momentum=0.5,epoch=128
0.39470845 0.48698694 0.61517543 0.46298933 0.36544520 0.70943934 0.30722085 0.67750013 0.60347879 0.40198490
0.71405756 0.71582717 0.71306485 0.71448916 0.71177006 0.71768314 0.70883507 0.71496397 0.71919376 0.72396982
0.77456945 0.77884239 0.77905822 0.76610988 0.73840046 0.76649833 0.76067162 0.75225514 0.78367645 0.79266453
0.81112695 0.81341445 0.81125641 0.81095427 0.79865336 0.81414819 0.80819196 0.80715609 0.81056583 0.81190938
0.81725580 0.81971598 0.81798953 0.81721264 0.81263757 0.82032025 0.81704003 0.81747162 0.81704003 0.81894284
0.82135612 0.82252145 0.82066554 0.81958652 0.81725580 0.82260782 0.82187408 0.82092452 0.82036340 0.82114345
0.82360047 0.82446373 0.82437742 0.82200354 0.82131296 0.82649231 0.82640600 0.82455003 0.82429105 0.82446599
0.82606071 0.82614702 0.82485217 0.82463634 0.82467955 0.82748502 0.82934093 0.82619017 0.82593119 0.82580370
0.82821876 0.82739866 0.82739866 0.82752818 0.82524061 0.82968622 0.83180112 0.82826191 0.82877982 0.82783169
0.82929778 0.82865036 0.82843453 0.82934093 0.82666492 0.83145583 0.83257800 0.82929778 0.83029050 0.82908309
0.82981569 0.83050627 0.82929778 0.83098108 0.82852089 0.83154213 0.83426130 0.83033365 0.83037680 0.83132684
0.83003151 0.83141267 0.83119684 0.83180112 0.82916826 0.83244854 0.83404547 0.83141267 0.83231902 0.83137000
0.83210325 0.83188742 0.83119684 0.83262116 0.83024734 0.83214641 0.83663517 0.83266431 0.83374339 0.83279395
0.83201694 0.83201694 0.83093786 0.83391601 0.83197373 0.83288014 0.83616036 0.83288014 0.83546978 0.83335489
0.83283699 0.83378655 0.83201694 0.83551300 0.83253485 0.83318228 0.83710992 0.83477920 0.83581507 0.83568501
0.83309597 0.83339810 0.83395916 0.83732575 0.83352757 0.83417499 0.83810264 0.83456343 0.83732575 0.83624595
0.83404547 0.83546978 0.83387285 0.83767104 0.83378655 0.83525401 0.83909535 0.83546978 0.83883637 0.83715212
0.83516771 0.83469290 0.83391601 0.83849108 0.83417499 0.83542663 0.83913851 0.83637619 0.83913851 0.83870548
0.83542663 0.83685094 0.83555615 0.84013122 0.83525401 0.83957011 0.84013122 0.83693731 0.84004492 0.84004313
0.83616036 0.83663517 0.83607405 0.84051967 0.83542663 0.83771420 0.84190083 0.83866376 0.84086496 0.84064722
0.83741206 0.83767104 0.83749837 0.84138286 0.83637619 0.83775735 0.84073550 0.83840477 0.84146923 0.84077668
0.83827525 0.83754152 0.83736891 0.84306616 0.83667833 0.83952695 0.84211659 0.83957011 0.84267771 0.84163970
0.83831847 0.83810264 0.83849108 0.84362727 0.83762789 0.83896583 0.84336829 0.83965641 0.84336829 0.84375405
0.83944064 0.84008807 0.83931112 0.84405887 0.83732575 0.84082180 0.84310931 0.84026068 0.84461999 0.84461707
0.84000170 0.83969963 0.84013122 0.84466314 0.83754152 0.84064913 0.84349775 0.84146923 0.84556949 0.84461707
0.84121025 0.84112394 0.84146923 0.84496528 0.83883637 0.84241873 0.84509474 0.84198713 0.84474945 0.84586841
0.84185767 0.84207344 0.84142601 0.84703702 0.84000170 0.84293669 0.84539688 0.84375674 0.84712332 0.84556633
0.84116709 0.84151238 0.84328198 0.84790021 0.84026068 0.84263456 0.84600115 0.84513789 0.84682119 0.84690398
0.84328198 0.84349775 0.84384304 0.84897923 0.84146923 0.84302300 0.84712332 0.84487891 0.84854764 0.84733552
0.84436101 0.84289354 0.84336829 0.84897923 0.84155554 0.84405887 0.84703702 0.84535372 0.84893608 0.84785330
0.84474945 0.84483576 0.84479260 0.85014457 0.84272087 0.84492207 0.84669173 0.84410203 0.84971297 0.84910464
0.84496528 0.84474945 0.84453362 0.85113728 0.84427470 0.84591478 0.84833181 0.84638959 0.84988564 0.84949297
0.84522420 0.84587163 0.84479260 0.85135311 0.84410203 0.84608746 0.84781390 0.84591478 0.85092151 0.85134846
0.84751177 0.84582847 0.84742546 0.85213000 0.84410203 0.84712332 0.84889293 0.84621692 0.85264796 0.85169363
0.84841812 0.84613061 0.84470630 0.85299325 0.84531057 0.84703702 0.85005826 0.84794337 0.85208684 0.85152102
0.85001510 0.84954035 0.84682119 0.85269111 0.84716648 0.84889293 0.85023093 0.84790021 0.85433120 0.85359222
0.84906554 0.84889293 0.84643275 0.85459018 0.84755492 0.84919506 0.84988564 0.84979928 0.85355431 0.85303128
0.85061938 0.85074884 0.84595793 0.85489231 0.84910870 0.84979928 0.85092151 0.85010141 0.85545343 0.85406691
0.85092151 0.85018778 0.84915191 0.85679138 0.84893608 0.85023093 0.85238898 0.85152572 0.85549659 0.85389429
0.85182786 0.85027409 0.84915191 0.85692090 0.84997195 0.85087836 0.85295004 0.85053307 0.85497862 0.85441208
0.85105097 0.85161209 0.84954035 0.85657561 0.85096467 0.85204369 0.85307956 0.85182786 0.85575551 0.85492986
0.85364062 0.85161209 0.84785706 0.85774094 0.85113728 0.85122359 0.85286373 0.85333854 0.85700721 0.85613805
0.85295004 0.85290688 0.85057622 0.85869050 0.85273427 0.85139626 0.85459018 0.85428804 0.85709351 0.85544771
0.85484916 0.85290688 0.85096467 0.85756832 0.85277742 0.85329533 0.85497862 0.85312271 0.85756832 0.85596550
0.85433120 0.85398591 0.85156888 0.85903579 0.85385644 0.85420173 0.85532391 0.85355431 0.85890627 0.85812300
0.85571235 0.85424489 0.85243213 0.85903579 0.85355431 0.85523760 0.85653245 0.85484916 0.85735250 0.85829556
0.85618716 0.85566920 0.85277742 0.85985583 0.85493547 0.85385644 0.85657561 0.85623032 0.85894948 0.85795039
0.85653245 0.85536706 0.85338169 0.86063272 0.85566920 0.85653245 0.85743880 0.85661876 0.86015797 0.85851133
0.85743880 0.85510814 0.85415858 0.86076224 0.85579872 0.85562605 0.85834521 0.85830206 0.86097801 0.85829556
0.85821569 0.85562605 0.85428804 0.86028743 0.85497862 0.85575551 0.85847467 0.85821569 0.86028743 0.86032361
0.85843152 0.85795677 0.85394275 0.86231601 0.85743880 0.85687774 0.85843152 0.85881996 0.86158228 0.86040992
0.85873365 0.85994214 0.85558289 0.86317927 0.85713667 0.85748196 0.85964006 0.86037380 0.86214340 0.86040992
0.86028743 0.85994214 0.85635978 0.86365402 0.85894948 0.85886312 0.86089170 0.85946739 0.86227286 0.86226535
0.86054641 0.85916525 0.85545343 0.83900905 0.85778409 0.85787046 0.86028743 0.86162543 0.86261815 0.86049622
0.86084855 0.86076224 0.85717988 0.86179811 0.85964006 0.85856098 0.86132330 0.86071908 0.86102122 0.86239481
0.86222970 0.86175495 0.85692090 0.86084855 0.85899264 0.85886312 0.86235917 0.86205703 0.86287713 0.86235166
0.86197072 0.85938108 0.85756832 0.86192757 0.86054641 0.86015797 0.86158228 0.86244553 0.86421514 0.86343044
0.86240232 0.86192757 0.85916525 0.86352456 0.86033064 0.86115068 0.86197072 0.86365402 0.86421514 0.86403453
0.86460358 0.86261815 0.85886312 0.86339504 0.86175495 0.86210024 0.86261815 0.86188442 0.86002851 0.86386192
0.86365402 0.86356771 0.86002851 0.86266130 0.86201388 0.85756832 0.86430144 0.86365402 0.86589837 0.86446601
0.86348140 0.86374032 0.86002851 0.86477619 0.86192757 0.86279082 0.86140966 0.86222970 0.86555308 0.86450917
0.86538047 0.86443090 0.86115068 0.86395615 0.86438775 0.86317927 0.86175495 0.86248869 0.86745220 0.86468178
0.86615735 0.86533731 0.86210024 0.86520779 0.86283398 0.86348140 0.86361086 0.86425829 0.86693424 0.86640775
0.86676162 0.86348140 0.85907894 0.86516464 0.86300659 0.86443090 0.86615735 0.86589837 0.86719322 0.86670983
0.86391300 0.86576891 0.86404246 0.86607105 0.86356771 0.86438775 0.86645949 0.86697745 0.86697745 0.86658037
0.86710691 0.86533731 0.86266130 0.86654580 0.86512148 0.86473304 0.86576891 0.86706376 0.86831540 0.86640775
0.86758167 0.86650264 0.86356771 0.86559629 0.86421514 0.86563945 0.86628687 0.86715007 0.86853123 0.86714131
0.86771119 0.86525100 0.86369717 0.86676162 0.86589837 0.86563945 0.86879021 0.86814278 0.87012821 0.86731392
0.87008500 0.86766803 0.86516464 0.86801332 0.86576891 0.86456043 0.86827224 0.86766803 0.87073243 0.86852211
0.86965340 0.86866069 0.86512148 0.86909235 0.86572576 0.85869050 0.86784065 0.86771119 0.86935127 0.86886734
0.86930811 0.86939442 0.86512148 0.86870384 0.86715007 0.86697745 0.86818594 0.86965340 0.87055981 0.86886734
0.86900598 0.86870384 0.86585522 0.86952394 0.86723638 0.86624366 0.86926496 0.86935127 0.87004185 0.86908305
0.87081879 0.86913550 0.86697745 0.86943763 0.86740905 0.86792696 0.86939442 0.86978292 0.87137985 0.87024814
0.87025768 0.86922181 0.86723638 0.87030083 0.86758167 0.86797011 0.87107772 0.87094826 0.86766803 0.87003237
0.86645949 0.87172514 0.86740905 0.87090510 0.86175495 0.86641634 0.87004185 0.86991239 0.87224311 0.87020499
0.87086195 0.87254518 0.86891967 0.87142301 0.86749536 0.86978292 0.87055981 0.87107772 0.87228626 0.87162894
0.87258840 0.86727953 0.86421514 0.87258840 0.86952394 0.86999869 0.87125039 0.87051666 0.87440115 0.87033439
0.87207043 0.87155253 0.86550993 0.87090510 0.86939442 0.86965340 0.87112087 0.87263155 0.87362427 0.87137002
0.87323576 0.87258840 0.86900598 0.87245888 0.87043029 0.87051666 0.87245888 0.87090510 0.87245888 0.87236243
0.87310630 0.87103456 0.86883336 0.86991239 0.87008500 0.87120724 0.87137985 0.87245888 0.87453061 0.87413162
0.87509173 0.86939442 0.86956710 0.87280416 0.87073243 0.87073243 0.87215674 0.86969656 0.87453061 0.87305284
0.87530750 0.87388319 0.87073243 0.87237257 0.87107772 0.87133670 0.87336528 0.87293369 0.87414217 0.87447679
0.87617075 0.87392634 0.87086195 0.87474644 0.87047350 0.87163883 0.87224311 0.87401271 0.87604123 0.87400216
0.87487590 0.87457377 0.87155253 0.87500542 0.87263155 0.87207043 0.87392634 0.87530750 0.87081879 0.87400216
0.87668866 0.87314945 0.87129354 0.87573916 0.87254518 0.87202728 0.87224311 0.87694764 0.87219989 0.87512404
0.87634337 0.87642974 0.87237257 0.87573916 0.87207043 0.87375373 0.87427163 0.87466013 0.87548018 0.87620282
0.87509173 0.87517804 0.87150937 0.87591177 0.87353790 0.87323576 0.87664551 0.87427163 0.87651604 0.87723839
0.87634337 0.87582546 0.87159568 0.87513489 0.87228626 0.86831540 0.87578231 0.87522119 0.87647289 0.87469256
0.87655920 0.87612760 0.87194097 0.87712032 0.87470329 0.87280416 0.87655920 0.87630022 0.87604123 0.87697953
0.87625706 0.87828565 0.87323576 0.87729293 0.87431484 0.87504858 0.87457377 0.87267470 0.87759507 0.87676376
0.87634337 0.87543702 0.85938108 0.87789720 0.87552333 0.87690449 0.87548018 0.87630022 0.87914884 0.87607336
0.87871724 0.87854463 0.86969656 0.87893307 0.87539387 0.87513489 0.87837195 0.87483275 0.87794036 0.87918013
0.87871724 0.87815619 0.87310630 0.87806982 0.87638652 0.87448746 0.87888992 0.87362427 0.87763822 0.87775618
0.87828565 0.87712032 0.87099141 0.87962365 0.87655920 0.87578231 0.87625706 0.87776768 0.87811297 0.87719524
0.87746561 0.87781090 0.87478960 0.87867409 0.87595493 0.87591177 0.88035738 0.87863094 0.87768137 0.87831718
0.87599808 0.88022786 0.87427163 0.87975311 0.87733608 0.87681818 0.87573916 0.88022786 0.87936467 0.87956852
0.87953728 0.88087529 0.87539387 0.88031423 0.87724978 0.87746561 0.88078898 0.87763822 0.88031423 0.87874866
0.87962365 0.88074583 0.87060297 0.87841511 0.87707710 0.87867409 0.87012821 0.87970996 0.88264489 0.87991369
0.88156587 0.88100481 0.87500542 0.88014156 0.87811297 0.87858778 0.87806982 0.88139325 0.88035738 0.88099247
0.87927836 0.87940782 0.87655920 0.88178170 0.87647289 0.87854463 0.87880355 0.88169539 0.88126373 0.88081986
0.88057315 0.88217014 0.86162543 0.88018471 0.87819934 0.88035738 0.88182485 0.88143641 0.88104796 0.88198489
0.88113427 0.88113427 0.87271786 0.88182485 0.87867409 0.87945098 0.88242912 0.87716347 0.87996894 0.88207120
0.87737924 0.88057315 0.87668866 0.88255858 0.87953728 0.88001209 0.88204068 0.88268805 0.88320601 0.88215750
0.88070267 0.87983942 0.87642974 0.88135010 0.88009840 0.87988257 0.88324916 0.88191116 0.88273126 0.88215750
0.88152272 0.88247228 0.87724978 0.88303334 0.87962365 0.87927836 0.88346499 0.88398290 0.88027108 0.88539374
0.87824249 0.88126373 0.87720662 0.88299018 0.88001209 0.88169539 0.88299018 0.88372391 0.88173854 0.88431501
0.87759507 0.88342184 0.87983942 0.88307655 0.88173854 0.88109112 0.88346499 0.88251543 0.88532090 0.88327938
0.88406920 0.88182485 0.87970996 0.88493246 0.88130695 0.88251543 0.88385344 0.88497561 0.88385344 0.88427186
0.88428503 0.88389659 0.87979627 0.88463032 0.88251543 0.88337862 0.88342184 0.88372391 0.88519144 0.88496226
0.88458717 0.88169539 0.87966681 0.88592517 0.88251543 0.88238597 0.88553673 0.88480300 0.88437134 0.88444442
0.88385344 0.88143641 0.88087529 0.88532090 0.87539387 0.88359445 0.88467348 0.88234282 0.88670206 0.88673139
0.88346499 0.88527775 0.88169539 0.88506192 0.88393974 0.88450086 0.88519144 0.88536406 0.88501877 0.88599783
0.88557988 0.88402605 0.88294703 0.88652939 0.88320601 0.88419873 0.88557988 0.88553673 0.88709050 0.88487595
0.88596833 0.88743579 0.88229960 0.88596833 0.88165224 0.88432819 0.88635677 0.88635677 0.87789720 0.88629991
0.88614094 0.88510507 0.88324916 0.88786739 0.88286072 0.88557988 0.88631362 0.88424188 0.88696104 0.88582522
0.88631362 0.87612760 0.88454401 0.88903278 0.88575250 0.88510507 0.88678837 0.88566619 0.88683152 0.88815534
0.88523459 0.88683152 0.88311970 0.88765162 0.88346499 0.88514829 0.88696104 0.88290387 0.88795376 0.88824165
0.88678837 0.88829905 0.88411242 0.88355130 0.88445771 0.88743579 0.88674521 0.88808322 0.88795376 0.88699031
0.88523459 0.88873065 0.88419873 0.88769478 0.88415557 0.88678837 0.88795376 0.88864434 0.88946438 0.88647246
0.88791054 0.88691789 0.88467348 0.88847166 0.88514829 0.88756526 0.88864434 0.88868749 0.88799691 0.88923407
0.88657260 0.88838536 0.88497561 0.88842851 0.88545036 0.88631362 0.88601148 0.88877380 0.88821268 0.88919091
0.88894641 0.88916224 0.88553673 0.89058656 0.88644308 0.88696104 0.88868749 0.88933486 0.88860112 0.88996762
0.88855797 0.88963699 0.88549358 0.88916224 0.88760847 0.88847166 0.88842851 0.88963699 0.88976651 0.88927722
0.88540721 0.89015496 0.88557988 0.88963699 0.87768137 0.88829905 0.88752210 0.89054340 0.88920540 0.89104640
0.88894641 0.89097500 0.88618410 0.89041394 0.88622731 0.89028442 0.89075923 0.89214039 0.89062971 0.89052856
0.88942122 0.88575250 0.88665891 0.89110452 0.88657260 0.88881695 0.88545036 0.89071602 0.89058656 0.88944983
0.89084554 0.89153612 0.88614094 0.89209718 0.88704735 0.88752210 0.88933486 0.89050025 0.89235616 0.89182311
0.89166558 0.89192456 0.88816953 0.89093184 0.88825583 0.89006865 0.88851482 0.89119083 0.89175189 0.89195251
0.89032757 0.89209718 0.88864434 0.89291728 0.88942122 0.89231300 0.89093184 0.89321941 0.89166558 0.89333332
