# pytorch neural network ReLU CrossEntropyLoss SGD:
#  unit=[80, 40, 20],batch=64,lr=1e-02,momentum=0.0,epoch=128
0.28844577 0.57266176 0.71159738 0.29798436 0.71112263 0.34515947 0.64724416 0.71522295 0.70766973 0.47909385
0.70784235 0.71513659 0.71444601 0.70447582 0.71643144 0.71064782 0.71599984 0.71517974 0.71789891 0.71447682
0.71725148 0.71686304 0.71444601 0.71712202 0.71647459 0.71751046 0.71630198 0.71517974 0.72394145 0.71741098
0.71725148 0.76960593 0.71444601 0.71893477 0.71647459 0.71876216 0.75859988 0.75186670 0.78717250 0.72267532
0.75152141 0.80366004 0.71867579 0.78091413 0.77279985 0.77288616 0.80076826 0.79921448 0.80771720 0.78558791
0.80340111 0.81069535 0.78954637 0.81030685 0.80741507 0.80776036 0.80996156 0.81047952 0.81522727 0.80612731
0.81293970 0.81514090 0.80629289 0.81794637 0.81281024 0.81527042 0.81574517 0.81760108 0.82001811 0.81272924
0.81660843 0.81941390 0.81397557 0.82066554 0.81811905 0.81915492 0.81876647 0.82023394 0.82455003 0.81596547
0.81880963 0.82122666 0.81781691 0.82278043 0.82023394 0.82217616 0.82152879 0.82329839 0.82683760 0.81946063
0.82161510 0.82459319 0.82083821 0.82377315 0.82442057 0.82338470 0.82334155 0.82446373 0.82890934 0.82239485
0.82450688 0.82666492 0.82105398 0.82493848 0.82519746 0.82442057 0.82575858 0.82631963 0.82951355 0.82390505
0.82545644 0.82865036 0.82403213 0.82670808 0.82718289 0.82696706 0.82744181 0.82800293 0.82959992 0.82472491
0.82722604 0.82899565 0.82459319 0.82804608 0.82847768 0.82934093 0.82899565 0.82959992 0.83141267 0.82601941
0.82834822 0.83089471 0.82606071 0.82964307 0.82947040 0.82921147 0.83054942 0.83059257 0.83309597 0.82791799
0.82942724 0.83154213 0.82653546 0.83098108 0.83046311 0.83145583 0.83214641 0.83171481 0.83352757 0.82960087
0.82981569 0.83357072 0.82696706 0.83149898 0.83141267 0.83115369 0.83283699 0.83244854 0.83477920 0.83046389
0.83154213 0.83357072 0.82895249 0.83193058 0.83244854 0.83266431 0.83486557 0.83300960 0.83482242 0.83106798
0.83227587 0.83473605 0.82912511 0.83387285 0.83257800 0.83382970 0.83551300 0.83305281 0.83693731 0.83167207
0.83313912 0.83581507 0.82951355 0.83266431 0.83270752 0.83408862 0.83633304 0.83404547 0.83771420 0.83227617
0.83296645 0.83698046 0.83059257 0.83443391 0.83374339 0.83439076 0.83767104 0.83348441 0.83836162 0.83257818
0.83331174 0.83797318 0.83193058 0.83434761 0.83348441 0.83443391 0.83827525 0.83495188 0.83818895 0.83339804
0.83400232 0.83883637 0.83262116 0.83503819 0.83374339 0.83603090 0.83896583 0.83477920 0.83931112 0.83426106
0.83443391 0.83900905 0.83309597 0.83663517 0.83508134 0.83676463 0.83931112 0.83551300 0.83952695 0.83451998
0.83326858 0.84034699 0.83344126 0.83749837 0.83486557 0.83663517 0.84030384 0.83525401 0.84026068 0.83503777
0.83464974 0.84090811 0.83408862 0.83857739 0.83585829 0.83758467 0.83892268 0.83637619 0.84172815 0.83611649
0.83598775 0.84215981 0.83452028 0.83870691 0.83581507 0.83853424 0.84142601 0.83680779 0.84039021 0.83676374
0.83780050 0.84259140 0.83426130 0.83853424 0.83620358 0.83957011 0.84116709 0.83723944 0.84259140 0.83702266
0.83616036 0.84272087 0.83628988 0.84000170 0.83780050 0.84073550 0.84211659 0.83831847 0.84172815 0.83810139
0.83723944 0.84388626 0.83529717 0.84034699 0.83792996 0.83952695 0.84237558 0.83887953 0.84168500 0.83969796
0.83728260 0.84414518 0.83516771 0.84310931 0.83866376 0.84125340 0.84259140 0.83741206 0.84401572 0.84038836
0.83758467 0.84544003 0.83559930 0.84241873 0.83974278 0.84203029 0.84414518 0.83969963 0.84349775 0.84051782
0.83887953 0.84539688 0.83801633 0.84306616 0.83922482 0.84362727 0.84367043 0.84060597 0.84574217 0.84073353
0.83969963 0.84673488 0.83818895 0.84457678 0.84030384 0.84371358 0.84496528 0.84112394 0.84531057 0.84211433
0.83892268 0.84712332 0.83853424 0.84470630 0.84220296 0.84384304 0.84423155 0.84181452 0.84738231 0.84302050
0.83935434 0.84725279 0.84000170 0.84574217 0.84172815 0.84461999 0.84790021 0.84319568 0.84582847 0.84332258
0.84026068 0.84850448 0.84082180 0.84660536 0.84198713 0.84561265 0.84656221 0.84276402 0.84794337 0.84448761
0.84039021 0.85040355 0.84099442 0.84651905 0.84345460 0.84544003 0.84790021 0.84367043 0.84815919 0.84526432
0.84185767 0.84863394 0.84194398 0.84708017 0.84449047 0.84582847 0.84802967 0.84444731 0.84867710 0.84586841
0.84211659 0.85113728 0.84297985 0.84867710 0.84561265 0.84777075 0.84802967 0.84449047 0.84997195 0.84621358
0.84215981 0.85195738 0.84276402 0.84846133 0.84656221 0.84777075 0.85018778 0.84617376 0.84755492 0.84668827
0.84341145 0.85070568 0.84423155 0.84906554 0.84677804 0.84785706 0.84802967 0.84548318 0.85053307 0.84850055
0.84341145 0.85187101 0.84401572 0.85036039 0.84552634 0.84997195 0.85087836 0.84634644 0.85100782 0.84768069
0.84375674 0.85286373 0.84608746 0.85061938 0.84884977 0.84906554 0.85083514 0.84798652 0.85087836 0.84854370
0.84483576 0.85398591 0.84548318 0.85040355 0.84863394 0.85092151 0.85346800 0.84777075 0.85087836 0.84793961
0.84362727 0.85441756 0.84591478 0.85213000 0.84876341 0.85174155 0.85213000 0.84975612 0.85243213 0.85044229
0.84561265 0.85415858 0.84703702 0.85143942 0.84975612 0.85195738 0.85346800 0.84902239 0.85333854 0.84936357
0.84526736 0.85541022 0.84556949 0.85195738 0.84945399 0.85277742 0.85113728 0.84975612 0.85398591 0.85061491
0.84682119 0.85471964 0.84496528 0.85269111 0.85191417 0.85320902 0.85213000 0.84936768 0.85441756 0.85259980
0.84777075 0.85566920 0.84634644 0.85407227 0.85204369 0.85381329 0.85433120 0.84984249 0.85320902 0.85117584
0.84781390 0.85705036 0.84859079 0.85502177 0.85264796 0.85359746 0.85467649 0.85031724 0.85566920 0.85329020
0.84910870 0.85748196 0.84910870 0.85618716 0.85217315 0.85476285 0.85536706 0.85126680 0.85471964 0.85329020
0.84915191 0.85756832 0.84897923 0.85674822 0.85385644 0.85489231 0.85666192 0.85282058 0.85640293 0.85350591
0.84876341 0.85881996 0.84971297 0.85571235 0.85372698 0.85553974 0.85562605 0.85264796 0.85631663 0.85488671
0.84759808 0.85964006 0.85040355 0.85653245 0.85389960 0.85450387 0.85605764 0.85148257 0.85683459 0.85445523
0.85027409 0.86063272 0.85036039 0.85687774 0.85394275 0.85541022 0.85713667 0.85329533 0.85717988 0.85415316
0.85044670 0.85964006 0.85195738 0.85769778 0.85549659 0.85588503 0.85722303 0.85359746 0.85877681 0.85471416
0.85130996 0.85998535 0.85342485 0.85640293 0.85610080 0.85761148 0.85761148 0.85398591 0.85873365 0.85656959
0.85148257 0.86084855 0.85295004 0.85825890 0.85670507 0.85795677 0.85989898 0.85575551 0.85964006 0.85553396
0.85243213 0.85994214 0.85338169 0.85808623 0.85618716 0.85899264 0.86007166 0.85644609 0.85951054 0.85786408
0.85264796 0.86188442 0.85519445 0.86007166 0.85653245 0.85899264 0.86071908 0.85571235 0.85955369 0.85820925
0.85312271 0.86235917 0.85381329 0.86093485 0.85743880 0.85579872 0.86128014 0.85705036 0.86015797 0.85700107
0.85312271 0.86244553 0.85493547 0.85942423 0.85860419 0.85920841 0.86132330 0.85817254 0.86089170 0.85721684
0.85325217 0.86300659 0.85748196 0.86063272 0.85890627 0.86020112 0.86231601 0.85389960 0.86080539 0.85941750
0.85489231 0.86266130 0.85635978 0.86128014 0.85933793 0.86106437 0.86210024 0.85769778 0.86214340 0.85829556
0.85351115 0.86386985 0.85804307 0.86184126 0.85942423 0.86020112 0.86322242 0.85657561 0.86210024 0.86010790
0.85523760 0.86339504 0.85683459 0.86201388 0.86063272 0.86339504 0.86270446 0.85748196 0.86231601 0.85924488
0.85623032 0.86576891 0.85705036 0.86115068 0.86110753 0.86292028 0.86296344 0.85873365 0.86197072 0.85976267
0.85601449 0.86507833 0.85920841 0.86222970 0.86110753 0.86365402 0.86374032 0.85998535 0.86304975 0.86066884
0.85515130 0.86602789 0.85843152 0.86304975 0.86218655 0.86335188 0.86425829 0.86033064 0.86304975 0.86105716
0.85765463 0.86538047 0.85808623 0.86283398 0.86153913 0.86425829 0.86339504 0.86197072 0.86365402 0.86122978
0.85325217 0.86499202 0.85981268 0.86408561 0.86218655 0.86525100 0.86633003 0.86244553 0.86300659 0.86239481
0.85679138 0.86667532 0.86097801 0.86417198 0.86261815 0.86382669 0.86620051 0.86227286 0.86503518 0.86217910
0.85761148 0.86745220 0.86041695 0.86563945 0.86438775 0.86658895 0.86486256 0.86287713 0.86594158 0.86368930
0.85730934 0.86585522 0.86270446 0.86499202 0.86559629 0.86538047 0.86563945 0.86339504 0.86568260 0.86420715
0.85787046 0.86822909 0.86179811 0.86568260 0.86598474 0.86443090 0.86602789 0.86261815 0.86624366 0.86377561
0.85881996 0.86818594 0.86261815 0.86740905 0.86468989 0.86697745 0.86753851 0.86481935 0.86602789 0.86416399
0.86050326 0.86611420 0.86266130 0.86529416 0.86468989 0.86814278 0.87086195 0.86581206 0.86676162 0.86502695
0.86054641 0.86745220 0.86417198 0.86740905 0.86650264 0.86879021 0.86935127 0.86645949 0.86805648 0.86576051
0.86097801 0.86887652 0.86417198 0.86585522 0.86598474 0.86909235 0.86930811 0.86663216 0.86779749 0.86658037
0.86201388 0.86861753 0.86477619 0.86779749 0.86784065 0.86866069 0.87021452 0.86563945 0.86818594 0.86623520
0.86279082 0.87008500 0.86447406 0.86792696 0.86762482 0.87055981 0.86952394 0.86633003 0.86939442 0.86614889
0.86188442 0.87099141 0.86555308 0.86848807 0.86909235 0.87047350 0.87090510 0.86525100 0.86874706 0.86610574
0.86162543 0.86965340 0.86620051 0.86740905 0.86870384 0.86879021 0.86961025 0.86840177 0.87051666 0.86735708
0.86184126 0.87219989 0.86723638 0.86866069 0.86866069 0.86973971 0.87189782 0.86762482 0.86965340 0.86636460
0.86058956 0.86520779 0.86412877 0.86848807 0.86861753 0.87241572 0.87198412 0.86576891 0.86693424 0.86800432
0.86235917 0.87224311 0.86736590 0.86973971 0.86991239 0.86986923 0.87172514 0.86879021 0.87267470 0.86839265
0.86326557 0.87284732 0.86788380 0.86891967 0.86969656 0.87228626 0.87254518 0.86740905 0.87232941 0.86865157
0.86412877 0.87414217 0.86827224 0.86689109 0.87077558 0.87172514 0.87418532 0.86982608 0.87025768 0.86878103
0.86434460 0.87401271 0.86948079 0.87038714 0.87051666 0.86922181 0.87409902 0.86861753 0.87353790 0.86985976
0.86326557 0.87250203 0.86952394 0.87314945 0.86900598 0.87487590 0.87345159 0.87025768 0.87349474 0.86903989
0.86507833 0.87323576 0.86926496 0.87129354 0.87176830 0.87336528 0.87422848 0.86835861 0.87470329 0.87171519
0.86516464 0.87414217 0.87047350 0.87245888 0.87258840 0.87064612 0.87336528 0.86999869 0.87686133 0.87162894
0.86434460 0.87513489 0.87129354 0.87353790 0.87258840 0.87548018 0.87513489 0.87194097 0.87414217 0.87262136
0.86499202 0.87560964 0.87125039 0.87349474 0.87319261 0.87470329 0.87375373 0.87267470 0.87405586 0.87244874
0.85869050 0.87569594 0.87198412 0.87530750 0.87366742 0.87453061 0.87664551 0.87137985 0.87530750 0.87184465
0.86538047 0.87612760 0.87280416 0.87401271 0.87181145 0.87655920 0.87699080 0.87427163 0.87612760 0.87339807
0.86676162 0.87651604 0.87466013 0.87591177 0.87366742 0.87625706 0.87668866 0.87539387 0.87811297 0.87426108
0.86641634 0.87599808 0.87323576 0.87638652 0.87384003 0.87729293 0.87582546 0.87453061 0.87712032 0.87361383
0.86550993 0.87845826 0.87470329 0.87478960 0.87599808 0.87819934 0.87785405 0.87440115 0.87681818 0.87555557
0.86650264 0.87841511 0.87353790 0.87742239 0.87358105 0.87841511 0.87673181 0.87522119 0.87923521 0.87503773
0.86797011 0.87798351 0.87487590 0.87759507 0.87271786 0.87681818 0.87724978 0.87448746 0.87962365 0.87546927
0.86784065 0.87729293 0.87478960 0.87966681 0.87599808 0.87604123 0.87932152 0.87707710 0.87776768 0.87590075
0.86827224 0.87819934 0.87543702 0.87940782 0.87604123 0.87858778 0.87945098 0.87612760 0.87768137 0.87546927
0.86874706 0.87867409 0.87742239 0.87897623 0.87871724 0.87133670 0.88117743 0.87578231 0.87962365 0.87590075
0.87021452 0.88014156 0.87828565 0.87880355 0.87815619 0.88044369 0.88009840 0.87811297 0.87988257 0.87598705
0.87086195 0.87828565 0.87634337 0.87983942 0.87811297 0.88065952 0.88143641 0.87642974 0.87888992 0.87745416
0.87133670 0.87970996 0.87586862 0.88074583 0.87910569 0.88135010 0.87936467 0.87884676 0.88078898 0.87814456
0.87077558 0.87992579 0.86771119 0.88100481 0.88117743 0.88152272 0.88186800 0.87750876 0.87867409 0.87788564
0.87159568 0.87988257 0.87923521 0.87945098 0.87919199 0.88169539 0.88040054 0.87958050 0.88083214 0.87823087
0.87198412 0.87996894 0.87837195 0.88091844 0.88014156 0.88156587 0.88238597 0.88061637 0.88169539 0.87754047
0.87150937 0.88135010 0.87876040 0.88096166 0.87945098 0.88333547 0.88122058 0.87888992 0.88286072 0.87805825
0.87025768 0.88057315 0.87958050 0.88143641 0.87906253 0.88251543 0.88212699 0.88005525 0.88152272 0.87818772
0.87336528 0.88355130 0.88048685 0.88333547 0.88204068 0.88324916 0.88329232 0.88018471 0.88454401 0.87939590
0.87280416 0.88260174 0.88225645 0.88368076 0.88311970 0.88493246 0.88450086 0.88070267 0.88247228 0.87939590
0.87414217 0.88191116 0.87806982 0.88411242 0.88199753 0.88299018 0.88303334 0.88074583 0.88299018 0.88142395
0.87435800 0.88126373 0.88225645 0.88454401 0.88208383 0.88437134 0.87396955 0.87958050 0.88644308 0.88211435
0.87401271 0.88381028 0.88238597 0.88428503 0.88208383 0.88627046 0.88588202 0.88109112 0.88299018 0.88189858
0.87384003 0.88501877 0.88182485 0.88324916 0.88342184 0.88355130 0.88441449 0.88350815 0.88717681 0.88189858
0.87530750 0.88212699 0.88359445 0.88467348 0.88450086 0.88497561 0.88311970 0.88260174 0.88484615 0.88051778
0.87548018 0.88484615 0.88359445 0.88463032 0.88484615 0.88553673 0.88665891 0.88182485 0.88247228 0.88284791
0.87548018 0.88307655 0.88419873 0.88678837 0.88501877 0.88450086 0.88639992 0.88294703 0.88639992 0.88289106
0.87729293 0.88545036 0.88419873 0.88549358 0.88484615 0.88734949 0.88570935 0.87690449 0.88566619 0.88194174
0.87712032 0.88195431 0.88450086 0.88652939 0.88592517 0.88743579 0.88527775 0.88273126 0.87811297 0.88444442
0.87763822 0.88609779 0.88497561 0.88104796 0.88575250 0.88618410 0.88549358 0.88290387 0.88639992 0.88396978
0.87608445 0.88730633 0.88242912 0.88247228 0.88687468 0.88842851 0.88717681 0.88506192 0.88635677 0.88358146
0.87776768 0.88760847 0.88614094 0.88760847 0.88557988 0.88842851 0.88588202 0.88557988 0.88864434 0.88560951
0.88022786 0.88726318 0.88592517 0.88463032 0.88644308 0.88855797 0.88786739 0.88061637 0.89019811 0.88526428
0.87578231 0.88631362 0.88661575 0.88829905 0.88743579 0.88588202 0.88903278 0.88471663 0.88726318 0.88599783
0.87850147 0.88881695 0.88549358 0.88687468 0.88678837 0.88808322 0.88929170 0.88536406 0.88920540 0.88629991
