# pytorch neural network ReLU CrossEntropyLoss SGD:
#  unit=[80, 40, 20],batch=64,lr=1e-02,momentum=0.0,epoch=128
0.70351134 0.68504315 0.68250157 0.70872272 0.67433901 0.70036031 0.68561058 0.66350185 0.67271044 0.69345473
0.61059687 0.57413669 0.60706759 0.61053475 0.58880053 0.60897697 0.58113769 0.57736605 0.58387446 0.60302604
0.56303514 0.49634321 0.55764863 0.55502300 0.53371745 0.55863274 0.50366035 0.50898512 0.49431870 0.53722508
0.51163770 0.44142818 0.50708803 0.49731133 0.48282072 0.50060668 0.44603914 0.45430079 0.42818568 0.48102333
0.45417409 0.41403171 0.45737650 0.43848327 0.43604552 0.44342753 0.41514429 0.42042813 0.39922984 0.43330969
0.41139785 0.40301655 0.42498922 0.40467697 0.41295648 0.40961592 0.40069721 0.40644862 0.38890399 0.40954763
0.39606892 0.39205485 0.40958072 0.39215133 0.39877386 0.39763805 0.39315874 0.39446046 0.38146144 0.39836424
0.38896265 0.38743682 0.39919928 0.38589587 0.39195458 0.39105302 0.38566756 0.38808600 0.37608967 0.39231721
0.38395007 0.38144777 0.39441571 0.38046866 0.38579178 0.38439397 0.38123411 0.38420444 0.37173676 0.38674473
0.38140861 0.37939034 0.38996107 0.37654625 0.38305709 0.37978662 0.37905723 0.37999538 0.36879917 0.38309819
0.37652585 0.37507178 0.38554569 0.37381209 0.37901218 0.37709708 0.37430710 0.37647641 0.36991436 0.37936316
0.37378504 0.37218093 0.38352218 0.37191995 0.37625134 0.37438319 0.37448500 0.37853503 0.36541056 0.37685706
0.37103061 0.36969511 0.37980722 0.36964613 0.37425102 0.37260150 0.37094798 0.37432257 0.36300603 0.37398847
0.36972570 0.37173698 0.37903536 0.36813827 0.37459034 0.36959545 0.36686531 0.37030113 0.36024605 0.37158656
0.36860019 0.36700534 0.38489331 0.36442017 0.37083310 0.36786668 0.36500312 0.36844380 0.35901621 0.36889956
0.36487862 0.36467542 0.37398291 0.36194882 0.36786166 0.36823093 0.36157467 0.36583028 0.35849495 0.36819259
0.36384244 0.36287184 0.37123611 0.36038369 0.36791322 0.36370857 0.36083808 0.36434819 0.35553108 0.36454864
0.36374528 0.36424849 0.36966892 0.35905312 0.36507079 0.36542229 0.35825654 0.37260006 0.35449768 0.36441382
0.36070199 0.36050318 0.36751678 0.36134815 0.36315085 0.36038538 0.36047696 0.36464036 0.35312713 0.36143049
0.35908136 0.35873895 0.36629012 0.35679996 0.36137063 0.36009780 0.35538649 0.36050859 0.35212844 0.36068560
0.35839629 0.35738973 0.36445958 0.35597743 0.36010268 0.35770826 0.35393754 0.36314847 0.35095023 0.35840752
0.35960895 0.35628606 0.36305486 0.35474038 0.36489764 0.35832446 0.35330023 0.35888566 0.35118130 0.35649416
0.35771018 0.35499343 0.36324706 0.35548225 0.35813769 0.35661619 0.35186313 0.35678302 0.34918558 0.35580893
0.35579584 0.35441938 0.36061443 0.35276174 0.35707127 0.35634597 0.35109117 0.35548208 0.34872919 0.35550147
0.35435752 0.35276103 0.35944386 0.35168498 0.35883132 0.35372457 0.34943468 0.35424074 0.34701529 0.35385624
0.35355688 0.35141797 0.35828614 0.35031948 0.35624373 0.35243987 0.34902867 0.35348705 0.34628390 0.35230209
0.35197935 0.35049906 0.35715410 0.34911524 0.35468823 0.35215717 0.34791700 0.35418536 0.34512506 0.35157708
0.35638686 0.35030714 0.35617148 0.34945283 0.35197393 0.35405477 0.34687741 0.35583909 0.34571385 0.35042568
0.35380548 0.35191285 0.35590295 0.34733667 0.35084360 0.35060732 0.34549642 0.35199894 0.34401658 0.34923085
0.34961154 0.34827913 0.35458141 0.34675859 0.35024758 0.34878577 0.34545328 0.34967248 0.34277159 0.34880506
0.34890204 0.34741288 0.35575698 0.34616295 0.34939232 0.35001205 0.34391928 0.34810851 0.34191274 0.34765349
0.34908210 0.34591135 0.35395158 0.34518845 0.34931304 0.35009508 0.34499797 0.34940421 0.34433261 0.34739877
0.34786932 0.34556659 0.35202573 0.34533090 0.34802550 0.34897887 0.34231255 0.34652528 0.34222723 0.34623573
0.34665388 0.34413819 0.35110053 0.34363606 0.35028837 0.34638016 0.34358345 0.34519139 0.33988082 0.34596684
0.34616835 0.34435270 0.35081884 0.34338005 0.35038819 0.34476715 0.34104115 0.34466866 0.33857824 0.34464779
0.34704661 0.34290737 0.34994960 0.34553716 0.34579127 0.34401942 0.34062483 0.34440087 0.33778687 0.34371294
0.34475608 0.34870655 0.34864594 0.34229791 0.34366436 0.34326553 0.33966355 0.34463652 0.33702245 0.34269535
0.34522161 0.34266646 0.34771077 0.34029608 0.34368954 0.34276506 0.33822080 0.34482640 0.33684665 0.34203281
0.34350456 0.34032599 0.34711490 0.34049705 0.34191350 0.34138766 0.33777390 0.34439371 0.34176525 0.34062001
0.34255687 0.34201751 0.34651742 0.33881423 0.34126526 0.34315737 0.34091653 0.34073895 0.33907597 0.34010613
0.34195425 0.33931106 0.34605772 0.33865042 0.34538335 0.34131803 0.33860846 0.33973896 0.33586856 0.34010673
0.34287704 0.33818187 0.34564944 0.33707520 0.34174720 0.34253285 0.33636548 0.33900683 0.33523936 0.33901717
0.34089131 0.33751112 0.34809964 0.33627074 0.33850012 0.33930887 0.33479964 0.33799083 0.33285582 0.33807489
0.34165880 0.33574205 0.34565960 0.33603906 0.33855475 0.33893574 0.33400919 0.33830382 0.33178707 0.33834275
0.34125792 0.33638608 0.34304963 0.33670233 0.33719758 0.33778079 0.33263833 0.33649745 0.33092018 0.33582526
0.33969980 0.33530064 0.34424018 0.33438255 0.33582910 0.33699491 0.33803501 0.33960082 0.33055459 0.33584722
0.33800724 0.33460276 0.34539515 0.33657457 0.33905421 0.33531238 0.33433699 0.33455102 0.32953425 0.33523097
0.33746033 0.33392777 0.34147359 0.33669203 0.33485055 0.33458669 0.33150644 0.33338128 0.32866923 0.33451647
0.33781290 0.33175036 0.33974450 0.33257621 0.33363716 0.33359013 0.32997725 0.33236186 0.32781669 0.33356976
0.33694020 0.33111228 0.33898442 0.33127513 0.33297046 0.33340478 0.32871643 0.33174821 0.32749647 0.33282466
0.33571566 0.33562284 0.33811077 0.33044626 0.33222722 0.33186042 0.32748358 0.33074215 0.32681811 0.33199821
0.33695869 0.32997011 0.33715518 0.32959891 0.33274476 0.33151123 0.32771972 0.32999750 0.32757934 0.33136401
0.33659790 0.32817947 0.33708215 0.32852473 0.33148327 0.33467599 0.32620244 0.33296324 0.32734946 0.33057091
0.33378863 0.32791286 0.33976522 0.32781407 0.32943564 0.33307996 0.32662225 0.32920563 0.32407841 0.33005713
0.33265001 0.32733302 0.33592694 0.32679171 0.32871467 0.32878045 0.32771576 0.32861825 0.32871667 0.32964267
0.33211074 0.32657069 0.33594142 0.32997503 0.32766506 0.32801144 0.32616398 0.32964119 0.32329467 0.32911930
0.33235881 0.32909622 0.33422536 0.32921333 0.32733691 0.32685402 0.32361964 0.32725343 0.32152535 0.32704305
0.33072240 0.32727703 0.33304027 0.32608274 0.32628009 0.32663493 0.32262515 0.32532104 0.32086457 0.32705535
0.33177613 0.32704991 0.33163393 0.32445459 0.32895289 0.32503884 0.32213152 0.32585175 0.31996181 0.32538889
0.32958644 0.32292468 0.33182996 0.32407588 0.32630095 0.32684906 0.32101704 0.32438578 0.31994945 0.32530407
0.32827824 0.32203173 0.33049890 0.32285693 0.32498652 0.33002005 0.32008890 0.32184199 0.31834584 0.32437257
0.32826673 0.32101440 0.33010414 0.32170591 0.32304182 0.32389761 0.31905225 0.33090507 0.31790361 0.32387432
0.33190282 0.32005819 0.32836512 0.32123198 0.32224660 0.32271687 0.32156596 0.32747791 0.31716032 0.32248669
0.32813459 0.31914524 0.32844341 0.32516170 0.32160579 0.32128413 0.31827608 0.32133550 0.31550266 0.32214715
0.32589617 0.31859650 0.32986010 0.31995805 0.32078050 0.31998793 0.31740512 0.32146037 0.31582307 0.32131883
0.32550772 0.31787338 0.32721518 0.31926317 0.31960319 0.31889906 0.31651074 0.31886237 0.31575262 0.32102752
0.32521338 0.31775157 0.32590027 0.31820422 0.31954465 0.31893623 0.31478536 0.31669609 0.31299946 0.32127597
0.32457075 0.32046871 0.32437387 0.31749178 0.31801906 0.31773583 0.31381328 0.31643877 0.31226715 0.31871657
0.32324225 0.31648932 0.32359801 0.31702204 0.31697417 0.31653160 0.31400905 0.31519509 0.31138763 0.31804960
0.32762723 0.31426598 0.32351024 0.31548782 0.31714665 0.31527318 0.31333205 0.31469269 0.31279905 0.31805610
0.32623525 0.31335377 0.32262749 0.31445024 0.31829997 0.31473186 0.31252339 0.31280980 0.31277527 0.31636612
0.32361768 0.31216396 0.32188295 0.31545508 0.31777336 0.31419791 0.31453007 0.31307080 0.30900842 0.31646233
0.32131277 0.31173198 0.32004343 0.31341962 0.31458622 0.31390457 0.31410397 0.31220345 0.30878331 0.31460745
0.32029739 0.31112833 0.32080291 0.31229260 0.31371224 0.31464129 0.31094262 0.31455971 0.30754047 0.31362313
0.32145325 0.31084948 0.32076945 0.31199727 0.31336054 0.31482053 0.30960603 0.31055275 0.30685252 0.31409881
0.31959790 0.31330744 0.31877401 0.31054428 0.31218961 0.31149648 0.30789080 0.31029064 0.30507876 0.31297506
0.31964538 0.31300197 0.31826256 0.31022061 0.31101331 0.30976201 0.30859336 0.30767854 0.30510194 0.31251099
0.31724823 0.30847798 0.31569646 0.31109967 0.31031781 0.30891967 0.30690165 0.30704016 0.30476825 0.31224339
0.31618743 0.30872851 0.31522741 0.31087491 0.30878176 0.30849769 0.30539163 0.30573115 0.30263949 0.30982991
0.31534527 0.30837716 0.31387870 0.30855668 0.30832624 0.30742638 0.30487857 0.30617041 0.30225424 0.30969621
0.31487120 0.30674664 0.31327258 0.30666972 0.30723567 0.30794094 0.30484807 0.30445229 0.30010835 0.30862887
0.31469725 0.30645506 0.31230458 0.30637435 0.30966256 0.30683986 0.30688154 0.30276696 0.29977869 0.30851204
0.31363148 0.30415989 0.31135331 0.30627867 0.30629849 0.30610488 0.30686801 0.30297560 0.29949434 0.30790747
0.31245263 0.31277202 0.31326299 0.30707310 0.30485852 0.30429164 0.30204920 0.30530375 0.30125845 0.30818510
0.31338041 0.31412183 0.31259466 0.30856144 0.30475043 0.30355091 0.30180132 0.30607713 0.30261670 0.30589364
0.31609911 0.30202478 0.30936822 0.30615229 0.30335576 0.30510035 0.29953151 0.30089163 0.29698512 0.30501476
0.31117323 0.30087634 0.30962805 0.31320823 0.30365786 0.30439594 0.29928072 0.30099896 0.29572425 0.30386956
0.30975265 0.30011555 0.30840023 0.31098906 0.30078941 0.30415534 0.29835194 0.30022386 0.29553432 0.30428951
0.30901696 0.29954089 0.30648422 0.30127536 0.30393467 0.30746798 0.29694467 0.30107491 0.29401987 0.30291620
0.30996092 0.29980802 0.30544971 0.30207867 0.30860774 0.29907304 0.29716609 0.30068317 0.29340509 0.30202791
0.30827314 0.29747169 0.30556037 0.30255791 0.29979684 0.30041757 0.29846147 0.30092105 0.29296216 0.30190795
0.30772570 0.29723934 0.30584397 0.29899489 0.29862156 0.30148271 0.29790159 0.29522326 0.29238699 0.30017489
0.30557020 0.29593034 0.30330063 0.29751499 0.29783151 0.29696629 0.29488696 0.29376882 0.29116954 0.29987685
0.30739962 0.29583619 0.30206664 0.29666410 0.29644495 0.29630421 0.29483385 0.29385228 0.29014710 0.29913597
0.32082330 0.29546868 0.30134742 0.29772139 0.29712059 0.29589957 0.29355152 0.29485035 0.28907389 0.29825936
0.30459122 0.29333272 0.30078926 0.29687768 0.29752734 0.29450060 0.29164053 0.29134708 0.28791002 0.29785007
0.30346693 0.29291237 0.30014131 0.29528153 0.29570293 0.29317689 0.29134882 0.29204541 0.28664032 0.29704018
0.30313209 0.29144732 0.29895452 0.29452834 0.29671732 0.29299310 0.29150715 0.29028147 0.28621672 0.29598004
0.30818698 0.29118582 0.29898717 0.29361970 0.29277656 0.29273570 0.29019731 0.28857300 0.28604663 0.29492754
0.30253240 0.29137413 0.29671444 0.29169432 0.29492598 0.29226104 0.28940485 0.28809408 0.28489897 0.29463993
0.30028709 0.28925710 0.29630040 0.29110773 0.29651128 0.29491107 0.28855785 0.28756369 0.28499611 0.29497087
0.30405758 0.28869587 0.29652048 0.28981964 0.29211039 0.29505982 0.28825801 0.28624178 0.28433568 0.29507920
0.30137593 0.28895147 0.29489101 0.28925249 0.29105266 0.30044058 0.28781280 0.29102142 0.28338670 0.29238526
0.29766600 0.28787560 0.29429812 0.28850163 0.28906047 0.30769754 0.28565382 0.28685126 0.28253388 0.29237332
0.29755070 0.28714336 0.29374430 0.28974416 0.28864669 0.28912872 0.28586774 0.28379896 0.28006912 0.29110990
0.29815146 0.28582358 0.29257062 0.28757251 0.28776931 0.28790503 0.28632819 0.28771950 0.28026386 0.28990061
0.29761061 0.28544077 0.29595988 0.28556231 0.28604537 0.28711792 0.28631017 0.28478317 0.28229923 0.29045861
0.29517550 0.28452930 0.30648643 0.28610836 0.28670001 0.28727986 0.28370982 0.28215652 0.28774871 0.28821562
0.29464904 0.28367199 0.29105330 0.28528346 0.28537466 0.28455426 0.28287451 0.28080255 0.28010915 0.28800545
0.29368151 0.28361291 0.29061407 0.28736117 0.28386825 0.28432190 0.28238153 0.27927555 0.27972188 0.28882145
0.29744969 0.28583930 0.28865882 0.28881225 0.28603442 0.28332699 0.28096633 0.27866613 0.27740738 0.28710798
0.29456000 0.28179648 0.29300618 0.28360329 0.28585965 0.28242836 0.28019390 0.27961701 0.27703510 0.28591976
0.29146583 0.28046002 0.28719308 0.28184872 0.28303408 0.28189855 0.28008784 0.27848066 0.27529980 0.28699575
0.29009428 0.28063181 0.28797172 0.28649735 0.28063214 0.28072671 0.27992097 0.27941627 0.27441262 0.28556847
0.28815404 0.28120686 0.29232515 0.28141923 0.27991341 0.28215324 0.28383332 0.27691974 0.27411681 0.28344680
0.29260038 0.28358839 0.28472503 0.28000094 0.28098727 0.28031713 0.29906724 0.27695967 0.27345260 0.28409604
0.28968117 0.27816081 0.28834774 0.28019506 0.28235361 0.27998311 0.27744720 0.27744482 0.27312337 0.28296311
0.28876981 0.27780825 0.28407506 0.28357980 0.27839323 0.28292299 0.27905275 0.27255056 0.27176282 0.28206633
0.28598702 0.28003607 0.28146584 0.28311420 0.27831384 0.27721880 0.28081199 0.27413931 0.27307120 0.28120672
0.28496266 0.27719271 0.28185516 0.27902712 0.27611346 0.27765357 0.27636875 0.27309546 0.27701598 0.27992557
0.28521865 0.28045999 0.28138011 0.27761808 0.27641908 0.27798954 0.27638504 0.27525416 0.27023880 0.28011142
0.28399985 0.27692193 0.27990730 0.27770877 0.27663152 0.27460123 0.27267433 0.28465370 0.27301889 0.28015754
0.28431902 0.28657550 0.27821580 0.27813663 0.27495394 0.27353610 0.27435425 0.27116505 0.29180292 0.27824489
0.28505654 0.27421081 0.27997387 0.28556477 0.27540011 0.27484299 0.27233492 0.26993557 0.26878319 0.27701563
0.28365687 0.27140694 0.28493650 0.28230220 0.27270766 0.27275665 0.27204519 0.26900467 0.26799362 0.27773596
0.28230273 0.27143381 0.27712684 0.27499514 0.27447993 0.27217603 0.27133089 0.27144758 0.26606427 0.27683724
0.28103834 0.26904842 0.28084196 0.28615777 0.27116250 0.27178226 0.27044532 0.27661922 0.26606635 0.27520417
0.28281493 0.26995413 0.27590839 0.27788841 0.27058529 0.27454459 0.26904351 0.26745198 0.26730647 0.27379139
0.27962629 0.26963374 0.27858492 0.27491121 0.27061390 0.27135627 0.28034772 0.26719656 0.26461489 0.27278522
