# pytorch linear ReLU CrossEntropyLoss Adam:
#  batch=64,lr=1e-03,betas=(0.9, 0.999),eps=1e-08,decay=0.0,amsgrad=False,epoch=64
0.67670696 0.69084985 0.71252850 0.70642426 0.72433342 0.75982241 0.67202629 0.67316958 0.66656369 0.71674964
0.50941515 0.45405291 0.46360412 0.46281663 0.45851023 0.46594096 0.45384898 0.44994098 0.45050364 0.46116892
0.41856475 0.39559569 0.39895371 0.39924373 0.39769277 0.39704155 0.39468573 0.39587869 0.39329677 0.39614663
0.39398954 0.39058632 0.38996086 0.38583539 0.38826817 0.38670531 0.38483492 0.38663150 0.38497165 0.38501724
0.38894126 0.38308346 0.38369436 0.38193629 0.38212275 0.38290095 0.38135495 0.38251849 0.37962058 0.38172303
0.38187656 0.38000876 0.38306929 0.37915768 0.37971441 0.38041273 0.37785025 0.38068161 0.37829241 0.37821672
0.37837982 0.37855541 0.38076017 0.37740509 0.38137908 0.37910360 0.37620384 0.37928912 0.37580879 0.37666308
0.38108349 0.37868707 0.37905536 0.37755431 0.37700165 0.37708949 0.37696365 0.38140582 0.37479404 0.37547697
0.37720400 0.37748018 0.37836107 0.38479791 0.37745167 0.37613025 0.37427478 0.37830996 0.37444558 0.37518683
0.37504579 0.37673011 0.37827671 0.37520727 0.37592129 0.37564968 0.37403247 0.37737030 0.37419810 0.37491123
0.37452283 0.37585499 0.37958725 0.37777410 0.37979726 0.37541592 0.37452628 0.37697176 0.37297017 0.37359269
0.37497261 0.37549013 0.38193400 0.37841850 0.37706833 0.37502034 0.37293049 0.37693820 0.37281957 0.37548719
0.37423847 0.37968872 0.37700839 0.37574630 0.37511983 0.37599767 0.37267291 0.37684475 0.37240571 0.37463880
0.37549815 0.37627431 0.37710304 0.37723504 0.37506395 0.37507482 0.37247078 0.37625815 0.37612823 0.37328153
0.37481295 0.37486820 0.37745889 0.37759844 0.37480961 0.37453304 0.37220745 0.37630288 0.37266638 0.37368133
0.37382068 0.37498681 0.37614871 0.37380643 0.37883330 0.37614072 0.37198926 0.37608343 0.37277870 0.37388154
0.37305589 0.37500167 0.37917801 0.37373358 0.37483464 0.37767766 0.37185125 0.37885037 0.37194739 0.37287556
0.37285258 0.37477386 0.37580029 0.37443283 0.37451031 0.37758094 0.37169530 0.37618640 0.37187339 0.37241149
0.37337186 0.37436682 0.37720126 0.37449234 0.37499587 0.37408000 0.37308808 0.37588952 0.37694622 0.37312214
0.37360513 0.37782364 0.37698922 0.37352083 0.37437098 0.37774798 0.37303688 0.37571740 0.37405754 0.37237156
0.37276497 0.37452881 0.37698196 0.37616105 0.37454706 0.37404175 0.37298430 0.37572259 0.37168862 0.37292375
0.37538130 0.37418610 0.37559319 0.37584716 0.37433598 0.37482130 0.37529184 0.37564421 0.37299780 0.37289316
0.37971538 0.37411015 0.37565927 0.37388697 0.37424653 0.37367575 0.37161542 0.37560509 0.37420534 0.37202682
0.37277100 0.37746453 0.37554512 0.37761660 0.37409917 0.37571884 0.37289131 0.37554129 0.37249052 0.37276668
0.37240607 0.37415183 0.37553754 0.37471801 0.37608274 0.38126903 0.37153095 0.37680374 0.37142160 0.37321019
0.37232848 0.37403275 0.37539764 0.37340127 0.37431082 0.37544990 0.37476655 0.37610913 0.37138047 0.37269600
0.37256979 0.37475477 0.37539240 0.37343058 0.37468590 0.37361273 0.37136631 0.37566187 0.37169731 0.37270601
0.37233177 0.37553877 0.37537829 0.37399960 0.37417107 0.37339374 0.37397956 0.38020845 0.37450861 0.37272141
0.37391470 0.37412428 0.37868719 0.37337868 0.37589882 0.37331825 0.37152746 0.37552047 0.37164824 0.37240355
0.37253186 0.37903324 0.37564680 0.37378928 0.37903813 0.37403367 0.37127785 0.37678821 0.37184452 0.37208513
0.37466048 0.37943669 0.37560423 0.38391520 0.37558649 0.37587449 0.37670634 0.37581505 0.37116311 0.37198215
0.37271906 0.37463802 0.37631293 0.37457181 0.37559842 0.37444837 0.37124054 0.37584264 0.37133960 0.37223868
0.37230841 0.37412393 0.37544918 0.37323771 0.37587228 0.37414298 0.37181364 0.37549304 0.37355654 0.37286479
0.37223975 0.37513805 0.37527932 0.37320920 0.37439527 0.37454215 0.37132759 0.37596131 0.37131806 0.37373743
0.37230761 0.37402062 0.37732136 0.37544472 0.37425560 0.37324435 0.37547044 0.37538502 0.37228240 0.37284541
0.37235527 0.37465157 0.37966455 0.37349111 0.37791349 0.37394182 0.37453196 0.37558070 0.37203901 0.37229137
0.37285629 0.37393517 0.37816783 0.37358511 0.37429718 0.37661930 0.37373069 0.37561721 0.37107597 0.37194664
0.37254480 0.38228924 0.37547312 0.37627148 0.37536781 0.37322345 0.37164427 0.37542722 0.37690235 0.37203553
0.37258888 0.37706758 0.37522599 0.37339695 0.37414780 0.37315835 0.37642834 0.37531749 0.37109852 0.37227484
0.37216851 0.37388028 0.37531153 0.37318648 0.37399657 0.37401717 0.37134282 0.37540376 0.37780485 0.37264888
0.37263985 0.37481405 0.37527386 0.37388034 0.37434547 0.37346708 0.37168920 0.37863082 0.37246604 0.37161457
0.37321174 0.37384637 0.37683303 0.37316669 0.37403770 0.37311512 0.37117363 0.37540911 0.37144342 0.37223751
0.37234582 0.37386059 0.37549881 0.37424665 0.37586004 0.37319100 0.37134147 0.37547873 0.37115202 0.37197547
0.37323614 0.37811291 0.37517311 0.37310621 0.38026478 0.37680846 0.37332168 0.37560678 0.37226431 0.37243786
0.37245440 0.37484894 0.37528261 0.37302595 0.37400921 0.37396881 0.37105993 0.37542936 0.37088098 0.37304575
0.37279738 0.37378902 0.37614759 0.37329246 0.37815679 0.37318302 0.37114628 0.37538622 0.37102483 0.37241025
0.37216301 0.37379915 0.37521436 0.37314645 0.37517597 0.37319674 0.37106015 0.37565778 0.37264966 0.37307091
0.37278604 0.37414068 0.37513195 0.37312551 0.37399198 0.37387057 0.37116043 0.37540494 0.37234851 0.37336766
0.37242439 0.37364746 0.37532054 0.37533236 0.37405398 0.37313087 0.37140443 0.37540095 0.37102202 0.37258869
0.37214103 0.37401025 0.37970448 0.37307649 0.37511495 0.37323663 0.37114131 0.37596915 0.37130451 0.37215833
0.37227440 0.37369744 0.37543504 0.37355641 0.37493544 0.37909286 0.37126928 0.37638849 0.37089234 0.37199516
0.37350976 0.37948350 0.37514810 0.37349083 0.37701689 0.37332134 0.37132493 0.37672253 0.37099374 0.37268161
0.37739640 0.37378106 0.37510468 0.37325076 0.37523972 0.37347041 0.37110677 0.37652336 0.37147286 0.37203919
0.37462131 0.37414337 0.37525447 0.37306120 0.37397182 0.37401454 0.37201633 0.38020164 0.37477231 0.37275811
0.37216967 0.37426825 0.37527617 0.37362516 0.37392100 0.38201359 0.37112272 0.37811785 0.37161487 0.37250191
0.38019097 0.37405720 0.37578189 0.37314654 0.37418001 0.38099377 0.37096553 0.37831713 0.37373130 0.37237464
0.37408396 0.37396051 0.37530224 0.37310395 0.37406435 0.37331409 0.37209976 0.37613996 0.37166705 0.37228668
0.37225995 0.37375708 0.37548687 0.37336987 0.37392203 0.37344391 0.37115305 0.37660615 0.37118036 0.37246270
0.37230241 0.37431541 0.37556597 0.37408133 0.37520857 0.37895012 0.37255860 0.38031229 0.37220208 0.37205519
0.37240628 0.37373369 0.37790020 0.37314451 0.37550715 0.37334085 0.37118838 0.37635604 0.37202111 0.37213996
0.37345551 0.37418861 0.37517098 0.37462073 0.37402318 0.37307095 0.37211024 0.37685682 0.37191852 0.37185149
0.37393184 0.37373963 0.37519211 0.37409793 0.37403559 0.37344411 0.37202718 0.37548360 0.37208488 0.37171641
0.37219857 0.37928676 0.37637642 0.37347230 0.37396456 0.37340973 0.37260506 0.37625480 0.37186864 0.37212617
0.37279615 0.37382379 0.37568734 0.37362869 0.37427700 0.37399647 0.37181943 0.37641146 0.37584952 0.37195356
0.37194937 0.37368792 0.37525863 0.37442698 0.37884019 0.37310077 0.37162488 0.37543579 0.37178127 0.37247428
