# pytorch linear ReLU CrossEntropyLoss Adam:
#  batch=64,lr=1e-03,betas=(0.9, 0.999),eps=1e-08,decay=0.0,amsgrad=False,epoch=64
0.59786785 0.52751523 0.46583799 0.48694375 0.39608961 0.28227374 0.57218695 0.64266908 0.63351893 0.45915857
0.75091720 0.77284300 0.76218224 0.76244122 0.76951963 0.75277311 0.77003753 0.77759075 0.77564847 0.76686084
0.79981869 0.81449348 0.81194699 0.81298286 0.81492513 0.81250811 0.81527042 0.81591785 0.81561571 0.81549084
0.81410503 0.82114029 0.81855065 0.81898224 0.81941390 0.81932753 0.82014763 0.82057923 0.82049292 0.81980580
0.81911176 0.82234883 0.82131296 0.82208985 0.82308257 0.82286674 0.82286674 0.82282358 0.82372999 0.82291263
0.82170141 0.82394576 0.82364368 0.82303941 0.82429105 0.82455003 0.82515430 0.82411844 0.82537013 0.82433659
0.82472271 0.82541329 0.82455003 0.82537013 0.82511115 0.82644916 0.82575858 0.82524061 0.82636279 0.82653719
0.82571542 0.82653546 0.82610387 0.82631963 0.82649231 0.82644916 0.82731235 0.82627648 0.82752818 0.82606256
0.82601750 0.82770079 0.82571542 0.82748502 0.82726920 0.82744181 0.82830507 0.82735550 0.82843453 0.82748652
0.82735550 0.82860720 0.82735550 0.82752818 0.82774395 0.82761449 0.82929778 0.82752818 0.82847768 0.82761598
0.82817560 0.82834822 0.82657862 0.82804608 0.82834822 0.82787347 0.82916826 0.82804608 0.82934093 0.82869470
0.82886618 0.82899565 0.82770079 0.82778710 0.82808924 0.82839137 0.82934093 0.82821876 0.82921147 0.82826322
0.82947040 0.82852089 0.82770079 0.82744181 0.82804608 0.82847768 0.83029050 0.82795978 0.82886618 0.82843584
0.82929778 0.82916826 0.82705337 0.82834822 0.82834822 0.82938409 0.82968622 0.82873666 0.82895249 0.82847899
0.82981569 0.82899565 0.82830507 0.82787347 0.82869351 0.82938409 0.83024734 0.82856405 0.83046311 0.82899678
0.82912511 0.82921147 0.82856405 0.82800293 0.82821876 0.82895249 0.83050627 0.82856405 0.82994521 0.82856524
0.82990205 0.82938409 0.82860720 0.82787347 0.82921147 0.82783031 0.83080840 0.82856405 0.83007467 0.82847899
0.82981569 0.82882297 0.82804608 0.82860720 0.82895249 0.82912511 0.83041996 0.82757133 0.83020413 0.82929879
0.83033365 0.82899565 0.82834822 0.82860720 0.82813239 0.82908195 0.83046311 0.82856405 0.83003151 0.82912624
0.83003151 0.82890934 0.82830507 0.82895249 0.82843453 0.82916826 0.83067894 0.82890934 0.83024734 0.82925564
0.82985884 0.82972938 0.82834822 0.82890934 0.82873666 0.82860720 0.83124000 0.82890934 0.83041996 0.82964402
0.82994521 0.82860720 0.82886618 0.82847768 0.82895249 0.82890934 0.83145583 0.82886618 0.82994521 0.82977349
0.83050627 0.83003151 0.82834822 0.82955676 0.82929778 0.82934093 0.83132637 0.82895249 0.83054942 0.82973033
0.83037680 0.82852089 0.82865036 0.82929778 0.82839137 0.82934093 0.83128315 0.82972938 0.82959992 0.82951456
0.83050627 0.82938409 0.82925463 0.82873666 0.82839137 0.82817560 0.83132637 0.82890934 0.82912511 0.82981664
0.83098108 0.82856405 0.82925463 0.82994521 0.82903880 0.82955676 0.83072209 0.82942724 0.83003151 0.82994604
0.83115369 0.82934093 0.82847768 0.82882297 0.82951355 0.82934093 0.83089471 0.82938409 0.82994521 0.82951456
0.83020413 0.82899565 0.82908195 0.82770079 0.82972938 0.82852089 0.83059257 0.82938409 0.82981569 0.82951456
0.83072209 0.82912511 0.82929778 0.82908195 0.82925463 0.82921147 0.83059257 0.82925463 0.83024734 0.83020496
0.82994521 0.82890934 0.82908195 0.82869351 0.82839137 0.82934093 0.83080840 0.82964307 0.83059257 0.82977349
0.83046311 0.82890934 0.82882297 0.82839137 0.82908195 0.82899565 0.83085155 0.82925463 0.83024734 0.82985973
0.83046311 0.82955676 0.82934093 0.82938409 0.82890934 0.82882297 0.82947040 0.82925463 0.83033365 0.83003235
0.83003151 0.82955676 0.82934093 0.82899565 0.82968622 0.82890934 0.83033365 0.82925463 0.83020413 0.83016181
0.83080840 0.82998836 0.82877982 0.82843453 0.82886618 0.82852089 0.83085155 0.83020413 0.82959992 0.82947141
0.83041996 0.82929778 0.82843453 0.82873666 0.82912511 0.82934093 0.83076525 0.82890934 0.82886618 0.83003235
0.83076525 0.82834822 0.82865036 0.82839137 0.82839137 0.82938409 0.83046311 0.82951355 0.83080840 0.83033442
0.83089471 0.82921147 0.82821876 0.82843453 0.82882297 0.82865036 0.83167166 0.82912511 0.83016098 0.83007550
0.83046311 0.82972938 0.82908195 0.82877982 0.83011782 0.82856405 0.83016098 0.82890934 0.82985884 0.83089536
0.83059257 0.82968622 0.82860720 0.82860720 0.82869351 0.82860720 0.83041996 0.82955676 0.83059257 0.83029127
0.83102423 0.82869351 0.82895249 0.82895249 0.82890934 0.82877982 0.83145583 0.82886618 0.83072209 0.83033442
0.83102423 0.82977253 0.82895249 0.82843453 0.82951355 0.82955676 0.83098108 0.82959992 0.83011782 0.82942826
0.83059257 0.82882297 0.82908195 0.82882297 0.82912511 0.82921147 0.83145583 0.82856405 0.83029050 0.83016181
0.83054942 0.82947040 0.82813239 0.82877982 0.82877982 0.82947040 0.83076525 0.82912511 0.83007467 0.82977349
0.83115369 0.82964307 0.82886618 0.82877982 0.82916826 0.82903880 0.83119684 0.82908195 0.83016098 0.82981664
0.83119684 0.82877982 0.82886618 0.82826191 0.82942724 0.82890934 0.83059257 0.82895249 0.82959992 0.82916939
0.83106738 0.82951355 0.82895249 0.82998836 0.82821876 0.82916826 0.83085155 0.82942724 0.82998836 0.83007550
0.83089471 0.82981569 0.82912511 0.82869351 0.82929778 0.82912511 0.83089471 0.82942724 0.83007467 0.83055013
0.83098108 0.82921147 0.82934093 0.82783031 0.82908195 0.82938409 0.83102423 0.82934093 0.83054942 0.82973033
0.83124000 0.82990205 0.82981569 0.82856405 0.82947040 0.82951355 0.83124000 0.82942724 0.83046311 0.83024812
0.83085155 0.82964307 0.82899565 0.82890934 0.82972938 0.82869351 0.83093786 0.82985884 0.83016098 0.82985973
0.83076525 0.82882297 0.82886618 0.82921147 0.82839137 0.83003151 0.83072209 0.82925463 0.83029050 0.82994604
0.83037680 0.82981569 0.82934093 0.82821876 0.82964307 0.82972938 0.83067894 0.82951355 0.83050627 0.83063644
0.83106738 0.82990205 0.82899565 0.82912511 0.82912511 0.82925463 0.83067894 0.82942724 0.83076525 0.83076590
0.83098108 0.82968622 0.82925463 0.82895249 0.82873666 0.82869351 0.83085155 0.83007467 0.83076525 0.82990289
0.83106738 0.82921147 0.82843453 0.82856405 0.82947040 0.82908195 0.83067894 0.82916826 0.83046311 0.83029127
0.83029050 0.82964307 0.82886618 0.82860720 0.82955676 0.82774395 0.83119684 0.82934093 0.83007467 0.83076590
0.83141267 0.82908195 0.82916826 0.82921147 0.82959992 0.82990205 0.83072209 0.82899565 0.82947040 0.82981664
0.83119684 0.82925463 0.82895249 0.82964307 0.82990205 0.82834822 0.83119684 0.82899565 0.83041996 0.82968718
0.83136952 0.82925463 0.82886618 0.82877982 0.82899565 0.82903880 0.83072209 0.82877982 0.82990205 0.83037758
0.83132637 0.82903880 0.82860720 0.82925463 0.82925463 0.82886618 0.83102423 0.82929778 0.83098108 0.83050704
0.83098108 0.82925463 0.82903880 0.82830507 0.82968622 0.82903880 0.83145583 0.82942724 0.83007467 0.83046389
0.83072209 0.82938409 0.82882297 0.82908195 0.82895249 0.82903880 0.83085155 0.82942724 0.82998836 0.83024812
0.83063579 0.82921147 0.82916826 0.82860720 0.82925463 0.82856405 0.83145583 0.82972938 0.83029050 0.83003235
0.83111054 0.82925463 0.82882297 0.82899565 0.82955676 0.82921147 0.83149898 0.82990205 0.82981569 0.83029127
0.83115369 0.82955676 0.82947040 0.82921147 0.82912511 0.82925463 0.83046311 0.82895249 0.83011782 0.82998919
