# pytorch linear classifier ReLU CrossEntropyLoss SGD:
#  batch=64,lr=1e-02,momentum=0.9,epoch=32
0.67670696 0.78209879 0.69376555 0.70558422 0.73840268 0.78429434 0.68894664 0.69814733 0.71998768 0.75052139
0.44293003 0.44822181 0.44841859 0.44334608 0.44434190 0.44942643 0.44292435 0.45068003 0.44698414 0.44745470
0.40073175 0.40118259 0.40387848 0.39934692 0.39966066 0.40374284 0.39911702 0.40234499 0.39731037 0.39919013
0.39126689 0.39418450 0.39542184 0.39460323 0.39267556 0.39345517 0.39146445 0.39624226 0.39194614 0.39152916
0.39055925 0.38869454 0.39141791 0.38825493 0.38883920 0.39038034 0.38682220 0.39043219 0.38632570 0.38816506
0.38593722 0.38597495 0.38796965 0.38678800 0.38637462 0.38867019 0.38436525 0.38780237 0.38349732 0.38678616
0.38282983 0.38438898 0.38764832 0.38344745 0.38697218 0.38459889 0.38616128 0.38694392 0.38148394 0.38292739
0.38580286 0.38382571 0.38525397 0.38241368 0.38431628 0.38285661 0.38070564 0.38451703 0.38049915 0.38250928
0.38208823 0.38658308 0.38332299 0.38117862 0.38517613 0.38233938 0.37941471 0.38338305 0.38157960 0.38039837
0.37964576 0.38238886 0.39011156 0.38014804 0.38126459 0.38183249 0.38481286 0.38288548 0.37864196 0.37920621
0.37885420 0.38010186 0.38218421 0.38103469 0.38056198 0.37985321 0.37841300 0.38185649 0.37735144 0.37866132
0.37921504 0.38197487 0.38377829 0.37979646 0.37976816 0.37933924 0.37988141 0.38115658 0.37811479 0.37774924
0.37832488 0.38029671 0.38048827 0.37850385 0.37955004 0.37878425 0.37700701 0.38182436 0.37970690 0.37699996
0.37913708 0.38580307 0.38110340 0.38473501 0.37856200 0.37927898 0.37608789 0.38060747 0.37767124 0.37686555
0.37860692 0.38039465 0.37953673 0.37761994 0.37814439 0.37934616 0.37738119 0.38139617 0.37573413 0.37643753
0.37707511 0.37890894 0.37913647 0.37719419 0.37899319 0.37764783 0.37673142 0.37962193 0.37489911 0.37610813
0.37608304 0.37751231 0.37885167 0.37777763 0.37773141 0.37717529 0.37501110 0.38215642 0.37724926 0.37575323
0.37583296 0.37725218 0.38004399 0.37704530 0.37810686 0.37668155 0.37475952 0.37914078 0.37614510 0.37613412
0.37613159 0.37913818 0.38046642 0.37717376 0.37747664 0.37684436 0.37544492 0.37861071 0.37439007 0.37512947
0.37641208 0.37781001 0.37825819 0.37611350 0.37688166 0.38342291 0.37524212 0.37882737 0.37615226 0.37579758
0.37527719 0.37978599 0.37938982 0.37595358 0.38141115 0.37694811 0.37537305 0.37927561 0.37516573 0.37592851
0.37749871 0.38076441 0.37771268 0.37802223 0.37786971 0.37594776 0.37409805 0.37881313 0.37851400 0.37508788
0.38227896 0.37788557 0.37760053 0.37659951 0.37702249 0.37567540 0.37485122 0.37838243 0.37379442 0.37527289
0.37663244 0.37645749 0.37876695 0.37681614 0.37734635 0.37626223 0.37513071 0.37766698 0.37379207 0.37471073
0.37444370 0.37595925 0.37766321 0.37868203 0.37641277 0.37829671 0.37458012 0.37778189 0.37318905 0.37389581
0.37418397 0.37687645 0.37794288 0.37534277 0.37606002 0.37600528 0.38052883 0.38196888 0.37308857 0.37546962
0.37444474 0.37840508 0.37725481 0.37527529 0.38035988 0.37521554 0.37360648 0.37786049 0.38047558 0.37435798
0.37414815 0.37614576 0.37695150 0.37601847 0.37619933 0.37523751 0.37294750 0.37762504 0.37637926 0.37393609
0.37547880 0.37560892 0.38013590 0.37517780 0.37884408 0.37757342 0.37387478 0.37734778 0.37363321 0.37324064
0.37439234 0.37559543 0.37802874 0.37822866 0.37585780 0.37526787 0.37290038 0.37728075 0.37364252 0.37387033
0.37633437 0.37585750 0.37781713 0.37494133 0.37586310 0.37607120 0.37273365 0.37709916 0.37292323 0.37317203
0.37441952 0.37569698 0.37663999 0.37475591 0.37699034 0.37475573 0.37745695 0.37940136 0.37361906 0.37369297
0.37376504 0.37550681 0.37689247 0.37486805 0.37556105 0.37545720 0.37339673 0.37861168 0.37440942 0.37329750
