# pytorch neural network ReLU CrossEntropyLoss SGD:
#  unit=[20],batch=64,lr=1e-02,momentum=0.9,epoch=128
0.67477568 0.69423664 0.83378736 0.67957924 0.68895636 0.70558865 0.64986000 0.71472791 0.66133674 0.71640267
0.43485289 0.44750538 0.45041184 0.44112308 0.44736642 0.44403779 0.42519676 0.44494617 0.44636219 0.45980911
0.38276204 0.38505947 0.38524699 0.38459698 0.38419715 0.38343005 0.37820874 0.38461996 0.38330353 0.38565536
0.37488899 0.37450174 0.37656298 0.37661850 0.37379295 0.37386122 0.36946067 0.37713929 0.37314341 0.37335974
0.36853804 0.37014138 0.37090895 0.37077533 0.37240910 0.36837051 0.36601741 0.37115150 0.36698641 0.36743363
0.36462098 0.36514106 0.36964249 0.36656583 0.36771051 0.36466919 0.36425766 0.36726430 0.36263518 0.36363761
0.36369952 0.36245507 0.36580601 0.36381560 0.36489639 0.36195344 0.35904849 0.36298138 0.35956424 0.35985370
0.36000759 0.35970301 0.36275537 0.36098290 0.35846496 0.36003023 0.35566613 0.35974827 0.35665180 0.35880922
0.35626548 0.35892937 0.36012523 0.35831991 0.35569185 0.35749361 0.35459144 0.35868182 0.35470627 0.35612448
0.35412693 0.35711568 0.35900603 0.35657313 0.35454020 0.35582885 0.35307107 0.35655338 0.35265564 0.35401701
0.35239645 0.35411900 0.35751819 0.35420731 0.35243000 0.35481855 0.35131679 0.35994471 0.35031542 0.35300072
0.35367917 0.35299169 0.35569923 0.35260940 0.35052986 0.35331938 0.35155822 0.35671102 0.35015360 0.35135376
0.35061879 0.35278203 0.35485847 0.35193061 0.34832908 0.35091203 0.34972462 0.35181879 0.34772255 0.35014005
0.34734479 0.35216712 0.35207319 0.35014552 0.34745293 0.34941440 0.35141796 0.35231576 0.34610119 0.34797258
0.34630381 0.35546684 0.35075478 0.34836898 0.34548348 0.34984820 0.35011149 0.35028137 0.34455680 0.34675372
0.34524667 0.35147212 0.35052011 0.34784034 0.34619486 0.34705764 0.34791531 0.34805772 0.34279113 0.34620072
0.34652995 0.34653854 0.35288979 0.34654889 0.34411783 0.34792802 0.34583419 0.34678533 0.34170136 0.34494888
0.34366197 0.34502305 0.35041894 0.34509433 0.34257645 0.34561592 0.34534893 0.34983489 0.34130200 0.34340293
0.34101513 0.34355328 0.34598655 0.34454746 0.34142249 0.34390650 0.34465078 0.35097490 0.34017202 0.34232898
0.34084216 0.34341101 0.34489975 0.34263140 0.34113297 0.34320540 0.34314264 0.34683370 0.33830869 0.34054934
0.33951135 0.34154293 0.34390820 0.34180349 0.34010776 0.34288785 0.34202791 0.34165595 0.33737173 0.34021802
0.33810214 0.34022537 0.34246863 0.34084840 0.33835563 0.34229555 0.34173270 0.34083171 0.33630995 0.33856279
0.34117737 0.33970237 0.34083069 0.34017296 0.34012944 0.34383982 0.34060917 0.33937081 0.33486644 0.33798937
0.33868062 0.33826782 0.34636040 0.33861177 0.33805567 0.34259907 0.34161460 0.34415975 0.33300059 0.33714802
0.33541808 0.33736948 0.34357389 0.33734580 0.34922199 0.33806899 0.33963392 0.34219399 0.33383027 0.33637489
0.34063650 0.33685876 0.34143576 0.33578110 0.36474052 0.33674548 0.33815776 0.33544787 0.33253862 0.33544944
0.34055456 0.33496037 0.33898188 0.33483265 0.33537938 0.33698463 0.33738412 0.33495486 0.33101380 0.33430993
0.33229756 0.33412431 0.33520861 0.33577966 0.33340665 0.33548916 0.33701207 0.33307119 0.32936638 0.33408919
0.33005706 0.33384008 0.33400111 0.33368715 0.33189867 0.33374998 0.33589732 0.33197260 0.32801148 0.33222870
0.32923630 0.33347852 0.33385163 0.33259432 0.33122814 0.33305148 0.33527935 0.33106091 0.32633331 0.33148744
0.32906194 0.33393761 0.33464796 0.33144544 0.33085328 0.33140603 0.33382380 0.32925683 0.32493260 0.32983443
0.32735439 0.33265855 0.33115714 0.33098230 0.32890419 0.33080012 0.33310479 0.33191787 0.32421365 0.32836808
0.32766957 0.33081559 0.33381770 0.32884351 0.32880297 0.33076904 0.33231290 0.32862101 0.32357166 0.32641250
0.32653049 0.32936357 0.33504083 0.32782152 0.33162782 0.33351454 0.33221708 0.32754059 0.32390514 0.32628814
0.32396274 0.33023432 0.32835839 0.32780629 0.33154192 0.33332665 0.33093224 0.32583660 0.32258801 0.32524539
0.32512634 0.32961000 0.32879532 0.32563373 0.32787186 0.32891097 0.33009265 0.32456678 0.32161307 0.32376972
0.32384230 0.32974297 0.32645338 0.32787821 0.32486313 0.32686039 0.32972275 0.32387857 0.32106562 0.32320714
0.32168397 0.32946160 0.32623160 0.32642562 0.32449749 0.33069570 0.32892297 0.32248177 0.32061053 0.32239249
0.32287026 0.32562355 0.32468707 0.32298956 0.32226036 0.32748200 0.32723850 0.32207464 0.31898513 0.32106788
0.32194841 0.32691251 0.32613041 0.32164100 0.32150660 0.32441469 0.32848826 0.32054619 0.31694417 0.31949767
0.31944004 0.32781595 0.32345452 0.32238088 0.32176418 0.32390984 0.32766858 0.32013625 0.31608947 0.31991387
0.31858758 0.32299123 0.32240099 0.32098029 0.32107923 0.32402958 0.32837989 0.31952481 0.31599353 0.31749669
0.31652575 0.32225733 0.32106584 0.32202262 0.31899111 0.32120605 0.32456531 0.32096406 0.31360834 0.31672931
0.31601864 0.32280671 0.32047414 0.32661650 0.31800891 0.32162751 0.32692291 0.31834183 0.31406973 0.31645406
0.31711410 0.32143347 0.31907988 0.31915130 0.31942483 0.32046902 0.32309760 0.31928979 0.31157474 0.31711509
0.31556576 0.32100613 0.31778334 0.31660753 0.32139401 0.31796269 0.32249557 0.32230107 0.31150823 0.31478770
0.31660232 0.32081498 0.31904304 0.31616553 0.32569676 0.31905903 0.32209329 0.31656816 0.31021442 0.31343374
0.32145002 0.31907359 0.31886875 0.31694097 0.31495683 0.31773402 0.32431200 0.31567434 0.31022806 0.31444543
0.31149290 0.31924319 0.31640932 0.32353585 0.31688704 0.31784716 0.32262016 0.31355240 0.31052116 0.31242330
0.31068235 0.31911613 0.31596234 0.32390184 0.31488187 0.31697016 0.32273190 0.31202915 0.30855173 0.31257257
0.31313402 0.32029295 0.31469321 0.31438046 0.31714980 0.31524420 0.32384257 0.31159177 0.31212044 0.31110050
0.30938129 0.31747058 0.31542966 0.31352883 0.31725062 0.31839989 0.32358564 0.30886232 0.31243723 0.31107885
0.31025085 0.31755741 0.31392289 0.31199886 0.31369572 0.31780070 0.31775061 0.30906539 0.31195058 0.31044941
0.30929649 0.32203069 0.31338981 0.31165833 0.31127181 0.31837726 0.31845967 0.30832010 0.30597501 0.30814938
0.30873179 0.31903311 0.31288818 0.31109334 0.31086071 0.31624994 0.31772799 0.30885988 0.30537962 0.30774405
0.31013833 0.31377774 0.31145909 0.31216546 0.31114408 0.31977527 0.31802025 0.30598723 0.30472757 0.30881678
0.30714973 0.31439208 0.31014888 0.31064270 0.30958512 0.31530253 0.31579198 0.30665571 0.30430902 0.30734630
0.30728616 0.31224630 0.31245879 0.30836205 0.31144465 0.31183603 0.31448523 0.30877230 0.30348304 0.30592636
0.30540727 0.31542714 0.31261886 0.30895048 0.31100414 0.31129983 0.31317783 0.30644053 0.30250303 0.30494458
0.30483883 0.31525689 0.30984900 0.30848720 0.30945315 0.31052747 0.31283907 0.30401275 0.30316292 0.30543357
0.30633571 0.31362599 0.30958039 0.30776872 0.30858312 0.31156103 0.31230140 0.30604599 0.30441612 0.30367521
0.30778011 0.31283302 0.30886306 0.30742291 0.30636130 0.31125773 0.31128803 0.30333586 0.30263537 0.30446596
0.30396831 0.31816724 0.30791267 0.30583518 0.30628877 0.30908854 0.31121396 0.30187944 0.30245625 0.30304098
0.30462227 0.31775794 0.30818337 0.30519505 0.30523187 0.30919196 0.31002135 0.30286904 0.30253525 0.30394800
0.30235542 0.30964357 0.30856485 0.30643653 0.30548221 0.30756818 0.30881015 0.30443702 0.30067266 0.30219772
0.30377940 0.31025298 0.30661785 0.30549747 0.30658079 0.30886665 0.30985455 0.30131050 0.30072782 0.30292557
0.30370731 0.30898298 0.30476186 0.30488272 0.30461160 0.30838552 0.30904404 0.29940352 0.29801288 0.30180003
0.30189658 0.30728930 0.30451852 0.30442074 0.30270801 0.30737668 0.31000682 0.29962759 0.29904555 0.30148389
0.30040681 0.30767266 0.30386074 0.30533920 0.30327502 0.30956191 0.30796386 0.29933877 0.29781365 0.30126172
0.30225098 0.30683719 0.30323973 0.30251316 0.30208111 0.30589034 0.30854476 0.29899732 0.29691975 0.29934694
0.30027219 0.30609463 0.30576731 0.30457173 0.30153772 0.30418527 0.30765825 0.29943817 0.29703651 0.29980779
0.29898428 0.30823910 0.30421791 0.30924928 0.29972480 0.30843761 0.30556094 0.29766893 0.29730540 0.29891685
0.30029970 0.30693080 0.30242339 0.30161839 0.30129638 0.31125193 0.30686445 0.29902657 0.29551716 0.29898501
0.30147096 0.30452456 0.30171514 0.30053843 0.30385365 0.30514730 0.30609438 0.29952049 0.29580282 0.29781343
0.29848420 0.30552766 0.30183497 0.30156469 0.30454988 0.30536701 0.30291781 0.29739026 0.29531202 0.29880344
0.29837122 0.30395634 0.30248247 0.30414189 0.29978406 0.30459981 0.30257535 0.29569735 0.29432916 0.29843968
0.29908283 0.30715893 0.30039263 0.30535243 0.29837211 0.30329492 0.30255343 0.29700633 0.29312750 0.29610106
0.30319048 0.31590412 0.29947605 0.30059159 0.29846461 0.30431317 0.30327893 0.30238021 0.29297341 0.29601796
0.29696162 0.31263608 0.30092446 0.30330438 0.29973903 0.30227757 0.30298533 0.29762814 0.29467768 0.29636466
0.29371564 0.32165892 0.30139944 0.30207745 0.30386745 0.30508141 0.30130197 0.30147402 0.29401713 0.29712295
0.29511349 0.30364591 0.29894302 0.30117568 0.30087463 0.30488678 0.30165742 0.29632927 0.29490961 0.29392503
0.29416316 0.30230745 0.29899970 0.30301077 0.29878403 0.30092950 0.30167577 0.29496897 0.29564689 0.29501458
0.29579005 0.30231545 0.29874727 0.29863104 0.29972562 0.30179819 0.29949064 0.29573673 0.29899589 0.29340811
0.29894261 0.30138908 0.29709027 0.29819695 0.29926815 0.30050194 0.29835794 0.30177265 0.29396038 0.29267410
0.31123920 0.29985075 0.29891632 0.29906795 0.31463047 0.30050851 0.29766174 0.29271394 0.29446633 0.29540296
0.29294984 0.29946037 0.29990539 0.29916765 0.29624275 0.30086409 0.29814286 0.29280785 0.28962396 0.29405210
0.30069218 0.30078529 0.29657679 0.30395534 0.30142771 0.29787315 0.29755567 0.29148258 0.29208905 0.29261921
0.30744011 0.30149316 0.29651881 0.30281227 0.30906885 0.29937282 0.29903292 0.29107283 0.28897061 0.29374288
0.29329137 0.29937827 0.30044647 0.29773798 0.29491608 0.29989045 0.30175870 0.28906600 0.28777145 0.29644680
0.29608596 0.30152857 0.30065124 0.29832103 0.29516512 0.29730448 0.30374393 0.28900125 0.28829688 0.29095347
0.30291456 0.30021260 0.29448790 0.29512037 0.29389966 0.29933911 0.29607395 0.29213720 0.29023119 0.29214616
0.29148348 0.30085723 0.29669294 0.29435796 0.29394825 0.29724331 0.29900788 0.30146879 0.30071537 0.29321507
0.28997406 0.38340691 0.30279085 0.29339344 0.29661079 0.29782409 0.30307047 0.28854105 0.28788003 0.29204967
0.28929170 0.30409506 0.30430892 0.29537187 0.29323503 0.30080383 0.29582007 0.28799263 0.28637860 0.29085718
0.29012435 0.30040588 0.29542354 0.29944821 0.29107395 0.29756188 0.29410714 0.29033115 0.28646109 0.28886148
0.29117748 0.29821472 0.29437093 0.31431200 0.29233020 0.30052605 0.29299051 0.29463716 0.28584839 0.28996216
0.28874821 0.29646532 0.29276972 0.29495695 0.29060714 0.31276047 0.29273553 0.28734390 0.29587517 0.29032292
0.28925424 0.29697650 0.29140724 0.29305714 0.29168897 0.29588288 0.29227801 0.28557655 0.28749721 0.28872341
0.28797830 0.29579237 0.29297965 0.29330127 0.29077276 0.29592428 0.29395954 0.28537724 0.28462990 0.28953050
0.28898315 0.29326776 0.29255297 0.29553486 0.28973157 0.29623013 0.29256338 0.28952294 0.28550460 0.28787428
0.28838925 0.29308725 0.29290361 0.29421378 0.29106242 0.29587813 0.29147799 0.29539267 0.28362514 0.28683763
0.28834113 0.29382524 0.29048607 0.30345019 0.28810283 0.29487982 0.29078087 0.28618133 0.28580206 0.28680057
0.28634526 0.29531775 0.29120454 0.29219697 0.29398282 0.29755012 0.28934245 0.28489501 0.28482092 0.28830014
0.28792684 0.30459452 0.29085691 0.28998142 0.28979651 0.29807726 0.29194610 0.29292076 0.28934024 0.28908095
0.28534363 0.30680955 0.28945460 0.28965384 0.28801091 0.30005027 0.29504173 0.29718977 0.29197262 0.28807112
0.28689810 0.29398751 0.29018521 0.29026116 0.28907319 0.30545077 0.29122745 0.28695982 0.28353694 0.28832773
0.28593239 0.29179765 0.28965337 0.29123212 0.28967139 0.29169648 0.29948895 0.28525556 0.28246022 0.28735289
0.28447582 0.29182360 0.28871890 0.29433393 0.28669480 0.29332210 0.29626699 0.28441056 0.28329653 0.28682829
0.28640149 0.29140527 0.29065375 0.29997446 0.28570044 0.29455042 0.29615260 0.28889658 0.28069930 0.28609218
0.28628278 0.29284415 0.29221119 0.30476217 0.28913242 0.29333153 0.29837852 0.28798941 0.28086113 0.28390959
0.28514705 0.29011447 0.28737372 0.29692130 0.29126581 0.29126001 0.28778436 0.28160620 0.28060377 0.28566270
0.28400932 0.29075277 0.28588809 0.29008983 0.28526110 0.29175759 0.28767961 0.28159564 0.28181423 0.28502226
0.29033834 0.29414554 0.28740864 0.28937884 0.28491629 0.28828236 0.28622664 0.28211500 0.28106731 0.28456164
0.28531486 0.29696779 0.29150516 0.28812626 0.28448787 0.29183331 0.28646400 0.28456820 0.28274953 0.28494518
0.28512218 0.28888031 0.29488995 0.28944394 0.28487141 0.30077982 0.28810027 0.28649680 0.28079359 0.28292755
0.28897964 0.29027340 0.28666152 0.28814211 0.28804636 0.29230917 0.28587322 0.29516321 0.27950177 0.28320091
0.28242405 0.29758774 0.29268282 0.28692734 0.29704823 0.28892937 0.28632326 0.28082890 0.28238915 0.28238616
0.28171463 0.28776480 0.29871233 0.28947701 0.28345276 0.28956405 0.28358628 0.28500697 0.28018811 0.28395421
0.28081258 0.28622783 0.28859163 0.29693827 0.28300489 0.28882183 0.28517044 0.28740746 0.28875264 0.28167159
0.28133027 0.28982725 0.28816896 0.28696584 0.28308971 0.28717391 0.28470805 0.28032043 0.31492892 0.28383722
0.28202465 0.29091263 0.28587343 0.28763382 0.28866705 0.28950018 0.28319695 0.28062830 0.30404553 0.28230690
0.28229997 0.28507544 0.28487480 0.28633625 0.30579794 0.29260297 0.28372932 0.27908756 0.29107887 0.28218773
0.28219991 0.28509396 0.28493318 0.28515269 0.28321581 0.28964099 0.28285915 0.27913387 0.29255652 0.28199817
0.28579142 0.28523926 0.28608145 0.28481302 0.28230400 0.28891064 0.28333479 0.27977512 0.27937651 0.28078132
0.28577471 0.28480429 0.29406792 0.28540407 0.28543995 0.28733133 0.28151057 0.27857802 0.28019123 0.28038728
0.27859569 0.28475357 0.28493332 0.28536994 0.28188922 0.28693434 0.28307569 0.27951007 0.27893884 0.28151687
0.27961881 0.28498108 0.28460583 0.28603395 0.28093017 0.28778082 0.28608486 0.28130150 0.28221892 0.28055182
0.27971171 0.28391641 0.28299541 0.29032639 0.28017235 0.28695462 0.29539072 0.27858493 0.28445274 0.27879268
0.28171697 0.28688570 0.28260510 0.32107710 0.28023702 0.28891373 0.28276849 0.27703715 0.27797359 0.28099915
