# pytorch neural network ReLU CrossEntropyLoss SGD:
#  unit=[20],batch=64,lr=1e-02,momentum=0.9,epoch=128
0.63714445 0.53480947 0.27933878 0.53899610 0.58120763 0.51353103 0.71677673 0.35767621 0.71362597 0.35162890
0.78600717 0.78143209 0.77146184 0.78160471 0.77077127 0.77638221 0.79468256 0.77452630 0.77573484 0.76224381
0.82183087 0.82019079 0.82157195 0.81993181 0.82096767 0.82295310 0.82398897 0.82014763 0.82066554 0.82161814
0.82644916 0.82865036 0.82722604 0.82515430 0.82701021 0.82735550 0.82942724 0.82662177 0.82644916 0.82757282
0.83020413 0.83041996 0.82847768 0.82942724 0.83072209 0.83067894 0.83201694 0.82998836 0.83167166 0.83106798
0.83149898 0.83227587 0.83011782 0.83046311 0.83106738 0.83223271 0.83486557 0.83300960 0.83357072 0.83249193
0.83326858 0.83262116 0.83050627 0.83231902 0.83404547 0.83357072 0.83447713 0.83154213 0.83331174 0.83408844
0.83361387 0.83387285 0.83318228 0.83300960 0.83477920 0.83490872 0.83715308 0.83434761 0.83603090 0.83464938
0.83719623 0.83546978 0.83395916 0.83456343 0.83637619 0.83577192 0.83758467 0.83516771 0.83754152 0.83590078
0.83814579 0.83581507 0.83495188 0.83551300 0.83559930 0.83706677 0.83767104 0.83624673 0.83831847 0.83663428
0.83944064 0.83745521 0.83382970 0.83663517 0.83965641 0.83836162 0.83978593 0.83659202 0.84077865 0.83965480
0.84013122 0.83853424 0.83581507 0.83775735 0.83784366 0.83879322 0.84086496 0.83452028 0.84034699 0.83995688
0.84047651 0.83870691 0.83603090 0.83810264 0.84069228 0.83991539 0.84211659 0.83823210 0.84138286 0.84185547
0.84220296 0.84017438 0.83814579 0.83982909 0.84099442 0.84142601 0.84103757 0.83974278 0.84108073 0.84327942
0.84367043 0.83944064 0.84103757 0.84051967 0.84293669 0.84418833 0.84190083 0.84021753 0.84388626 0.84444445
0.84582847 0.83887953 0.84155554 0.83991539 0.84367043 0.84379989 0.84440416 0.84086496 0.84496528 0.84466022
0.84518105 0.84060597 0.84146923 0.84285039 0.84518105 0.84384304 0.84539688 0.84241873 0.84522420 0.84686083
0.84664851 0.84224612 0.84125340 0.84474945 0.84505159 0.84461999 0.84496528 0.84146923 0.84699380 0.84824163
0.84854764 0.84457678 0.84228927 0.84500843 0.84595793 0.84764123 0.84565586 0.84272087 0.84492207 0.84651566
0.84824550 0.84535372 0.84345460 0.84578532 0.84712332 0.84535372 0.84552634 0.84203029 0.84755492 0.84802592
0.84915191 0.84600115 0.84418833 0.84677804 0.84841812 0.84794337 0.84746861 0.84436101 0.84906554 0.84863001
0.85083514 0.84608746 0.84440416 0.84716648 0.84725279 0.84906554 0.84746861 0.84604430 0.85040355 0.84970874
0.85066253 0.84785706 0.84699380 0.84828866 0.84962666 0.84936768 0.84863394 0.84673488 0.85130996 0.85057175
0.84971297 0.84785706 0.84867710 0.84893608 0.84699380 0.84902239 0.84902239 0.84742546 0.85126680 0.85108954
0.85225946 0.84889293 0.84479260 0.85001510 0.85074884 0.85130996 0.85027409 0.84522420 0.85165524 0.85190940
0.85333854 0.84876341 0.84746861 0.85122359 0.84254825 0.85204369 0.85070568 0.85096467 0.85213000 0.85406691
0.84854764 0.85113728 0.84716648 0.85096467 0.85156888 0.85316586 0.85001510 0.85040355 0.85264796 0.85557711
0.85221630 0.85079199 0.84992880 0.85204369 0.85200053 0.85463333 0.84988564 0.85135311 0.85433120 0.85436893
0.85454702 0.85178471 0.84837496 0.85143942 0.85174155 0.85420173 0.85234582 0.85174155 0.85480601 0.85467100
0.85536706 0.85217315 0.85130996 0.85169840 0.85243213 0.85402912 0.85195738 0.85247529 0.85648930 0.85467100
0.85312271 0.85135311 0.84949720 0.85282058 0.85269111 0.85528076 0.85424489 0.85346800 0.85601449 0.85678536
0.85579872 0.85282058 0.85200053 0.85571235 0.85346800 0.85618716 0.85338169 0.85454702 0.85713667 0.85747576
0.85769778 0.85394275 0.85243213 0.85566920 0.85307956 0.85562605 0.85476285 0.85394275 0.85838836 0.85950375
0.85713667 0.85545343 0.85165524 0.85579872 0.85402912 0.85774094 0.85342485 0.85592818 0.85890627 0.85769147
0.85981268 0.85528076 0.85264796 0.85536706 0.85359746 0.85484916 0.85338169 0.85623032 0.85860419 0.86062568
0.85903579 0.85402912 0.85389960 0.85674822 0.85623032 0.85692090 0.85459018 0.85618716 0.86080539 0.85885650
0.85817254 0.85484916 0.85467649 0.85610080 0.85536706 0.85856098 0.85575551 0.85756832 0.85946739 0.86092770
0.86153913 0.85502177 0.85549659 0.85765463 0.85627347 0.85912210 0.85558289 0.85869050 0.86054641 0.86153179
0.86119384 0.85713667 0.85571235 0.85812938 0.85916525 0.85739565 0.85730934 0.85903579 0.86153913 0.86148870
0.86011481 0.85610080 0.85635978 0.86076224 0.85761148 0.86063272 0.85605764 0.86132330 0.86102122 0.86261058
0.86166859 0.85558289 0.85635978 0.85946739 0.85838836 0.86222970 0.85364062 0.85964006 0.86231601 0.86213595
0.85938108 0.85761148 0.85761148 0.85933793 0.85769778 0.85989898 0.85519445 0.86071908 0.86361086 0.86235166
0.86335188 0.85886312 0.85769778 0.86106437 0.85972637 0.86158228 0.85856098 0.86033064 0.86166859 0.86351675
0.86335188 0.85679138 0.85765463 0.85787046 0.85972637 0.86162543 0.85597134 0.86084855 0.86425829 0.86494064
0.86296344 0.86011481 0.85903579 0.85994214 0.86041695 0.86253184 0.85692090 0.86300659 0.86481935 0.86463863
0.86374032 0.85933793 0.85925156 0.86253184 0.86128014 0.86274761 0.85869050 0.85920841 0.86568260 0.86623520
0.86473304 0.85847467 0.86093485 0.86166859 0.85644609 0.86391300 0.85812938 0.86102122 0.86628687 0.86472493
0.86046010 0.86024427 0.86054641 0.86140966 0.86132330 0.86287713 0.85903579 0.86296344 0.86697745 0.86524272
0.86494887 0.86071908 0.86067593 0.86227286 0.86106437 0.86261815 0.85812938 0.86412877 0.86585522 0.86455232
0.86624366 0.86110753 0.86296344 0.85825890 0.86292028 0.86391300 0.85907894 0.86382669 0.86667532 0.86588997
0.86550993 0.85864735 0.86374032 0.86339504 0.86309290 0.86525100 0.85657561 0.86602789 0.86546677 0.86658037
0.86555308 0.86132330 0.86266130 0.86598474 0.86084855 0.86270446 0.85834521 0.86620051 0.86563945 0.86934197
0.86654580 0.86046010 0.86283398 0.86421514 0.86253184 0.86304975 0.85994214 0.86658895 0.86568260 0.86761594
0.86788380 0.86240232 0.86335188 0.86417198 0.86395615 0.86266130 0.86106437 0.86719322 0.86818594 0.86903989
0.86702061 0.85929477 0.86421514 0.86300659 0.86538047 0.86525100 0.86110753 0.86602789 0.86797011 0.86847895
0.86663216 0.86369717 0.86399931 0.86464673 0.86425829 0.86468989 0.86037380 0.86715007 0.86883336 0.87050700
0.86727953 0.86158228 0.86499202 0.86512148 0.86512148 0.86382669 0.86102122 0.86762482 0.86797011 0.86960089
0.86624366 0.86382669 0.86598474 0.86581206 0.86706376 0.86641634 0.86378348 0.86926496 0.86935127 0.87037754
0.86853123 0.86568260 0.86369717 0.86559629 0.86292028 0.86550993 0.86322242 0.86822909 0.86952394 0.86990291
0.86891967 0.86218655 0.86572576 0.86538047 0.86451727 0.86689109 0.86313611 0.86930811 0.86965340 0.86994606
0.86887652 0.86525100 0.86464673 0.86611420 0.86615735 0.86615735 0.86348140 0.86887652 0.86814278 0.87137002
0.86732274 0.86391300 0.86464673 0.86710691 0.86727953 0.86425829 0.86516464 0.86943763 0.86952394 0.87162894
0.86961025 0.86594158 0.86641634 0.86697745 0.86538047 0.86848807 0.86447406 0.87120724 0.87090510 0.87149948
0.86900598 0.85998535 0.86857438 0.86784065 0.86775434 0.86732274 0.86365402 0.87137985 0.87038714 0.87076592
0.87043029 0.86697745 0.86814278 0.86779749 0.86870384 0.86857438 0.86542362 0.86719322 0.87025768 0.87365693
0.87090510 0.86486256 0.86784065 0.86762482 0.86727953 0.86792696 0.86542362 0.87129354 0.87025768 0.87283713
0.86874706 0.86585522 0.86848807 0.86706376 0.86835861 0.86853123 0.86563945 0.87133670 0.87025768 0.87218988
0.87202728 0.86542362 0.86788380 0.86861753 0.87008500 0.86663216 0.86477619 0.87030083 0.87055981 0.87257820
0.87168199 0.86576891 0.86965340 0.86788380 0.86969656 0.86663216 0.86676162 0.87120724 0.87280416 0.87240559
0.87073243 0.86991239 0.86857438 0.87103456 0.87012821 0.86986923 0.86831540 0.87051666 0.87163883 0.87361383
0.87293369 0.86779749 0.86723638 0.86904913 0.87099141 0.87125039 0.86628687 0.87181145 0.87276101 0.87206042
0.87258840 0.86598474 0.86952394 0.86775434 0.87224311 0.87258840 0.86896282 0.87336528 0.87349474 0.87361383
0.87237257 0.86784065 0.87185466 0.86982608 0.87038714 0.86650264 0.86576891 0.87202728 0.87401271 0.87512404
0.87241572 0.86805648 0.87012821 0.87129354 0.87086195 0.87038714 0.86753851 0.87250203 0.87366742 0.87451994
0.87155253 0.86680478 0.87025768 0.87189782 0.86922181 0.87012821 0.86922181 0.87241572 0.87388319 0.87529665
0.87237257 0.86909235 0.87038714 0.86896282 0.87047350 0.86982608 0.86935127 0.87371057 0.87461692 0.87473571
0.87314945 0.86917865 0.87008500 0.86913550 0.87271786 0.87120724 0.86930811 0.87323576 0.87340844 0.87499464
0.87146616 0.86361086 0.87038714 0.86948079 0.87427163 0.86999869 0.87030083 0.86891967 0.87491906 0.87499464
0.87625706 0.86702061 0.87043029 0.87043029 0.87271786 0.87189782 0.87012821 0.87284732 0.87349474 0.87685007
0.87582546 0.86520779 0.87073243 0.86891967 0.87060297 0.86995554 0.87055981 0.87159568 0.87422848 0.87469256
0.87539387 0.86986923 0.87237257 0.87310630 0.87025768 0.87038714 0.87107772 0.87254518 0.87466013 0.87572813
0.87500542 0.86995554 0.87086195 0.86995554 0.87340844 0.87276101 0.87008500 0.87358105 0.87543702 0.87680691
0.87548018 0.86952394 0.87159568 0.87301999 0.87146616 0.87250203 0.87047350 0.87556648 0.86969656 0.87710893
0.87522119 0.86956710 0.87250203 0.87112087 0.87224311 0.87293369 0.87129354 0.86973971 0.87548018 0.87831718
0.86969656 0.86887652 0.87181145 0.87094826 0.86784065 0.87185466 0.87224311 0.87552333 0.87388319 0.87611651
0.87444431 0.87077558 0.87025768 0.87327898 0.87379688 0.87055981 0.87181145 0.87517804 0.87617075 0.87749732
0.87457377 0.87194097 0.87323576 0.87068927 0.87396955 0.87340844 0.87362427 0.87371057 0.87582546 0.87672061
0.86917865 0.87077558 0.87340844 0.86857438 0.86533731 0.87565279 0.87103456 0.87578231 0.87617075 0.87611651
0.87466013 0.87198412 0.86913550 0.87241572 0.87422848 0.87241572 0.87301999 0.87539387 0.87599808 0.87594390
0.87573916 0.87228626 0.87086195 0.87198412 0.87409902 0.87293369 0.86814278 0.87677503 0.87690449 0.87801510
0.87125039 0.87129354 0.87522119 0.87384003 0.87314945 0.87224311 0.87284732 0.87634337 0.87586862 0.87766993
0.87621391 0.87276101 0.87517804 0.87448746 0.87690449 0.87560964 0.87116408 0.86762482 0.87094826 0.87758362
0.87690449 0.85648930 0.87297684 0.87474644 0.87431484 0.87496221 0.86866069 0.87630022 0.87707710 0.87922329
0.87858778 0.87030083 0.87055981 0.87371057 0.87651604 0.87189782 0.87314945 0.87642974 0.87729293 0.87948221
0.87927836 0.87168199 0.87478960 0.87384003 0.87841511 0.87336528 0.87336528 0.87625706 0.87815619 0.87857604
0.87690449 0.87137985 0.87625706 0.86870384 0.87638652 0.87366742 0.87353790 0.87435800 0.87919199 0.87861919
0.87806982 0.87228626 0.87543702 0.87422848 0.87565279 0.86503518 0.87548018 0.87789720 0.87595493 0.87697953
0.87707710 0.87250203 0.87647289 0.87448746 0.87569594 0.87388319 0.87427163 0.87729293 0.87565279 0.87918013
0.87781090 0.87491906 0.87556648 0.87664551 0.87720662 0.87608445 0.87392634 0.87854463 0.87876040 0.87948221
0.87789720 0.87595493 0.87755191 0.87500542 0.87755191 0.87487590 0.87431484 0.87845826 0.87940782 0.87887812
0.87888992 0.87556648 0.87543702 0.87647289 0.87772453 0.87431484 0.87483275 0.87297684 0.87824249 0.88073355
0.87919199 0.87306315 0.87604123 0.86922181 0.87841511 0.87401271 0.87586862 0.87755191 0.87858778 0.87943906
0.87867409 0.87461692 0.87578231 0.87440115 0.87612760 0.87517804 0.87681818 0.87742239 0.87815619 0.88064724
0.87888992 0.87319261 0.87724978 0.87638652 0.87686133 0.87232941 0.87811297 0.87703395 0.87914884 0.87883496
0.88018471 0.86732274 0.87729293 0.87703395 0.87958050 0.87716347 0.87224311 0.87289047 0.87604123 0.87685007
0.88057315 0.87504858 0.87638652 0.87664551 0.87906253 0.86956710 0.87707710 0.87647289 0.87854463 0.87939590
0.87958050 0.87612760 0.87569594 0.87630022 0.87841511 0.87759507 0.87090510 0.87768137 0.87901938 0.87969798
0.88087529 0.87591177 0.87599808 0.87759507 0.87940782 0.87466013 0.87219989 0.87927836 0.87901938 0.88073355
0.87966681 0.87716347 0.87617075 0.87314945 0.88048685 0.87552333 0.87137985 0.87638652 0.88152272 0.88025892
0.87806982 0.87586862 0.87444431 0.87276101 0.88035738 0.87634337 0.87258840 0.87612760 0.88217014 0.88146710
0.88104796 0.87724978 0.87863094 0.87146616 0.87686133 0.87802666 0.87733608 0.88104796 0.88009840 0.88034523
0.87979627 0.87591177 0.87927836 0.87651604 0.88040054 0.87673181 0.87841511 0.87923521 0.87798351 0.87848973
0.88031423 0.87845826 0.87893307 0.87798351 0.87996894 0.87806982 0.87785405 0.87832880 0.88070267 0.88038838
0.87936467 0.87297684 0.87759507 0.87699080 0.88294703 0.87686133 0.87737924 0.87802666 0.87884676 0.88125134
0.88091844 0.87893307 0.87457377 0.87668866 0.88044369 0.87280416 0.87517804 0.87992579 0.88001209 0.88008630
0.87742239 0.87936467 0.87893307 0.87759507 0.87785405 0.87552333 0.87776768 0.87237257 0.88040054 0.88051778
0.88389659 0.87405586 0.87958050 0.87979627 0.87617075 0.87936467 0.87712032 0.87893307 0.88130695 0.88133764
0.88160902 0.87832880 0.87427163 0.88031423 0.88035738 0.87901938 0.87776768 0.88087529 0.88165224 0.88112187
0.88350815 0.87945098 0.87824249 0.87379688 0.88229960 0.87819934 0.87845826 0.87651604 0.88191116 0.88064724
0.88247228 0.87923521 0.87854463 0.87772453 0.88117743 0.87876040 0.87819934 0.87988257 0.86861753 0.88207120
0.88147956 0.87763822 0.88040054 0.87901938 0.88251543 0.87854463 0.87901938 0.87970996 0.87090510 0.87987053
0.88324916 0.88091844 0.88057315 0.87716347 0.87323576 0.87560964 0.87901938 0.88204068 0.88018471 0.88211435
0.88238597 0.87975311 0.87893307 0.87970996 0.88022786 0.87867409 0.88053000 0.88065952 0.87371057 0.88233012
0.88057315 0.87815619 0.88104796 0.87940782 0.88281757 0.87832880 0.87996894 0.88135010 0.88074583 0.88077670
0.87983942 0.87772453 0.87323576 0.87910569 0.87919199 0.87824249 0.88096166 0.88100481 0.88182485 0.88146710
0.88268805 0.88091844 0.88009840 0.87880355 0.88117743 0.87923521 0.87824249 0.88229960 0.87983942 0.88129449
0.88419873 0.88320601 0.88048685 0.88048685 0.88156587 0.87867409 0.88078898 0.88156587 0.88398290 0.88116503
0.88355130 0.88247228 0.88109112 0.87958050 0.88359445 0.87815619 0.87323576 0.88152272 0.87966681 0.88220066
0.88135010 0.88048685 0.88048685 0.86995554 0.88402605 0.88165224 0.87988257 0.88238597 0.88070267 0.88284791
