# pytorch neural network ReLU CrossEntropyLoss SGD:
#  unit=[80, 20],batch=64,lr=1e-02,momentum=0.9,epoch=128
0.70076331 0.69406527 0.68419855 0.69851530 0.70147345 0.66256117 0.71798675 0.67058654 0.68364355 0.70694156
0.45357884 0.44185532 0.45346633 0.44664532 0.45732658 0.44605553 0.45499657 0.45041594 0.43889342 0.43841534
0.38092402 0.37616809 0.37939854 0.37785335 0.38230708 0.37577857 0.37572975 0.37728797 0.37519285 0.37602791
0.36719361 0.36698858 0.36790837 0.36505566 0.36957686 0.36621532 0.36734664 0.36926892 0.36372635 0.36569643
0.35940429 0.36369380 0.36106690 0.35705929 0.36804083 0.35937046 0.36552094 0.36151872 0.35638039 0.35755205
0.35769950 0.35703117 0.35795869 0.35141380 0.36503234 0.35905061 0.35314297 0.35649430 0.35606603 0.35333311
0.35055416 0.35394015 0.35368338 0.34794731 0.35289563 0.35221462 0.34923974 0.35527736 0.34745433 0.35047413
0.34654772 0.35050685 0.35252038 0.34622709 0.34876409 0.35004919 0.34590597 0.36531068 0.34477775 0.34738316
0.34387354 0.34711855 0.34678412 0.34593159 0.34505949 0.34505398 0.34380298 0.35565704 0.34059402 0.34408129
0.34394296 0.34524886 0.34428671 0.33754091 0.34265154 0.34270835 0.34238924 0.34322343 0.33625558 0.34050235
0.33938686 0.34581107 0.34250232 0.33572675 0.33992513 0.34147460 0.33770002 0.34144418 0.33382267 0.33807507
0.33424345 0.34457572 0.34265266 0.33583403 0.33532925 0.34943973 0.33578558 0.33831451 0.33202982 0.33469936
0.33139092 0.33817903 0.34109001 0.33706232 0.33340262 0.33631283 0.33349441 0.33565020 0.33127443 0.33114379
0.33386053 0.33352327 0.34958429 0.35079697 0.33049674 0.33226996 0.33205863 0.33221438 0.33009873 0.32993552
0.34107280 0.33121223 0.33169232 0.32946711 0.32907359 0.33169890 0.33032007 0.33191789 0.32454022 0.32695671
0.32525977 0.32950595 0.32894267 0.32691636 0.32473461 0.32887795 0.32568801 0.32794755 0.32140483 0.32606544
0.32793893 0.32760935 0.32632695 0.32357337 0.32285674 0.32477356 0.32282064 0.32233463 0.31900919 0.32181151
0.31925601 0.32389916 0.32511738 0.31688340 0.32238101 0.32783896 0.32376719 0.32074185 0.31751809 0.31950408
0.31572548 0.32255806 0.32180869 0.31604645 0.31709577 0.32210667 0.32675076 0.31885999 0.31939731 0.31894899
0.31438860 0.32152888 0.31901656 0.31751921 0.31494754 0.32206093 0.31868887 0.31431687 0.31315545 0.31629090
0.31370168 0.31492229 0.31550992 0.31711514 0.31566578 0.32005404 0.31702939 0.31282556 0.31081658 0.31103716
0.30955725 0.31380691 0.31550897 0.31025204 0.31435854 0.31794884 0.31175187 0.31196073 0.30945919 0.30998334
0.30813460 0.31017656 0.31618522 0.30799811 0.30918841 0.32465895 0.30944941 0.30938549 0.30647693 0.30767014
0.30435659 0.31133480 0.30881894 0.30924405 0.31422799 0.31148302 0.30679443 0.30608363 0.30232244 0.30540671
0.30338424 0.31810651 0.30905603 0.30154973 0.30863433 0.30791922 0.31401843 0.30517253 0.29999795 0.30339349
0.30351016 0.30814761 0.30406760 0.30274824 0.30983287 0.30688332 0.32131204 0.30335518 0.29811753 0.30174103
0.31498833 0.31363784 0.30400482 0.29904835 0.30182173 0.30501587 0.30370699 0.29889583 0.29521234 0.30134263
0.30502631 0.30197550 0.30057119 0.29434903 0.29772596 0.30204641 0.29974472 0.29732774 0.29668790 0.29848994
0.29727842 0.29914276 0.29780117 0.29277049 0.29727088 0.30290387 0.30197865 0.29616524 0.31784127 0.29769467
0.29460706 0.29930278 0.29574821 0.28893721 0.29433991 0.29674109 0.29628856 0.29233546 0.32607433 0.29397062
0.29200256 0.29682013 0.29729491 0.29064412 0.29586174 0.29292253 0.29235867 0.29300258 0.29948696 0.29214828
0.29455182 0.29624362 0.29393895 0.28540162 0.29437024 0.28844195 0.29219529 0.29616970 0.29490164 0.28930866
0.28999866 0.29222780 0.29163534 0.28930329 0.28700279 0.28672741 0.28933894 0.30276098 0.29010894 0.28738704
0.28460199 0.29198419 0.28753688 0.28204936 0.28575384 0.29385392 0.28673645 0.29536524 0.28770289 0.28666651
0.28141265 0.28920806 0.28844893 0.28598939 0.28350362 0.28541009 0.28616551 0.28908542 0.28649881 0.28417581
0.28187176 0.28551703 0.28562677 0.32590658 0.28381341 0.28273279 0.28256503 0.28783549 0.29522812 0.28235149
0.27975314 0.28309613 0.29302592 0.29124109 0.28053122 0.27950461 0.28212736 0.28134442 0.31631724 0.28079551
0.27653878 0.28466126 0.28320330 0.31156897 0.27778633 0.27726220 0.28021096 0.27702914 0.28365819 0.27738966
0.27773712 0.28065245 0.27893613 0.28332511 0.27569827 0.27567076 0.28178191 0.27734850 0.28410062 0.27794594
0.28128740 0.27857765 0.27962202 0.27793738 0.27514010 0.27430879 0.29444400 0.27452350 0.28224024 0.27540091
0.27544690 0.27807099 0.29265324 0.27613031 0.28749186 0.27520297 0.27982734 0.27385984 0.29111966 0.27084710
0.26973467 0.28636169 0.29429490 0.27081580 0.27253762 0.27492301 0.27538287 0.26910284 0.27475862 0.26965979
0.27116112 0.28390260 0.27456812 0.26884713 0.26809580 0.28637635 0.27204147 0.26625259 0.27195613 0.26963535
0.26417100 0.27087128 0.26982025 0.26776622 0.26867927 0.28715396 0.27059274 0.26598549 0.27173627 0.26913920
0.26603384 0.27038783 0.27202667 0.26682221 0.26794974 0.27047569 0.27273529 0.26638972 0.27269915 0.26482687
0.26474632 0.26746394 0.26911585 0.27003095 0.26268714 0.26866676 0.26965452 0.26428595 0.27480198 0.26582237
0.26350292 0.26625664 0.26579760 0.27719286 0.26484350 0.28984770 0.26621154 0.25757131 0.26649486 0.26357990
0.28143516 0.27222729 0.26119820 0.26093826 0.26116747 0.26413764 0.26662665 0.26026725 0.26737113 0.26064713
0.26006782 0.33594265 0.25983093 0.26089363 0.26127375 0.25972948 0.26526100 0.25575728 0.26342335 0.26092605
0.25718898 0.28826109 0.25719582 0.26366021 0.26051166 0.25844900 0.26444840 0.25507111 0.25928341 0.25724435
0.25474973 0.27061590 0.25967203 0.25689015 0.25703210 0.25559598 0.25832049 0.25147828 0.25831492 0.25597660
0.25109902 0.26667760 0.25542646 0.25326803 0.26482020 0.25638226 0.25964598 0.25202947 0.25801444 0.25620813
0.24998775 0.26237294 0.25307974 0.25611748 0.27101161 0.27065630 0.25474800 0.26251606 0.26145391 0.25275106
0.25119493 0.25970775 0.24979957 0.34628342 0.25466066 0.25345927 0.25644079 0.24740116 0.25633518 0.24953302
0.24938883 0.25543284 0.24739649 0.27129320 0.25342355 0.27641858 0.25767810 0.24603517 0.25688653 0.25014987
0.24607744 0.25912401 0.24836268 0.26956153 0.25072782 0.25265327 0.25717456 0.24495989 0.25338132 0.24885431
0.24778820 0.26532171 0.24393310 0.26138421 0.24748342 0.24952128 0.26826177 0.24299991 0.24653223 0.24250735
0.24107406 0.25110930 0.24327842 0.26165536 0.24476041 0.25001583 0.25265013 0.24227307 0.26505651 0.24578462
0.23969107 0.25470927 0.24427499 0.25902350 0.24551288 0.28626248 0.27365411 0.24013619 0.29887179 0.24278657
0.23858749 0.29708594 0.24081658 0.25387789 0.24354998 0.32216332 0.25468579 0.23944223 0.26136007 0.24121197
0.23604165 0.25826706 0.23870945 0.24976501 0.24061095 0.26247492 0.28181973 0.26088125 0.25653194 0.23977046
0.23592935 0.25441840 0.23572168 0.24585245 0.24303209 0.25163636 0.30852633 0.25045466 0.25624136 0.24118993
0.23626019 0.24729790 0.24170423 0.24407221 0.24122714 0.24747457 0.26818506 0.23283528 0.25169528 0.23796074
0.23573027 0.24501779 0.27001712 0.24467765 0.30463920 0.24537011 0.25297332 0.23127115 0.24665110 0.23677045
0.24371786 0.24496305 0.24068220 0.24021463 0.25699465 0.24070949 0.24648829 0.22994154 0.25531691 0.23182253
0.23550599 0.24036145 0.23882357 0.23977818 0.24798063 0.23774584 0.24450617 0.22683373 0.24206982 0.23708553
0.23388826 0.24133488 0.23530804 0.27441438 0.24269052 0.23652198 0.24104143 0.22743034 0.23926782 0.23257295
0.23491907 0.25578642 0.23245991 0.24132629 0.23707118 0.23405987 0.23911134 0.22557860 0.23750741 0.23311931
0.22424612 0.23867144 0.22815213 0.23944669 0.23359202 0.24065720 0.23642373 0.22426094 0.23597277 0.22635420
0.22309688 0.23620130 0.22754968 0.23384352 0.23463172 0.30242564 0.23556736 0.22437863 0.23641671 0.22880372
0.23255221 0.23216813 0.22712357 0.23351062 0.23553808 0.25155660 0.23309876 0.22227738 0.24559598 0.22817441
0.22211972 0.22918143 0.22189089 0.23144359 0.23084747 0.24488091 0.23319082 0.21677588 0.23234726 0.22443684
0.21902735 0.22803765 0.22260832 0.22860109 0.22954611 0.24013490 0.23141194 0.21865634 0.22897126 0.22398454
0.23021805 0.22668136 0.22190072 0.22566871 0.23515697 0.23848084 0.22854913 0.21870203 0.25256578 0.22497240
0.35872377 0.22624921 0.21917988 0.22697360 0.28729530 0.23697627 0.22703250 0.25768208 0.24251609 0.22362901
0.27168197 0.22707538 0.22101920 0.22819567 0.23965456 0.22980051 0.22359623 0.23637521 0.23040574 0.21867070
0.24808066 0.23249854 0.21869150 0.22605467 0.23277720 0.22944476 0.22345227 0.21813959 0.22435526 0.21863422
0.23679771 0.22717177 0.22378203 0.24387494 0.23202275 0.23378957 0.22027796 0.21429930 0.22084508 0.21860821
0.22954612 0.22213313 0.21662123 0.24180718 0.23570011 0.22569702 0.21894468 0.22350011 0.22567043 0.21630545
0.22874422 0.22429351 0.23480166 0.29190350 0.22333314 0.22510901 0.21890160 0.21574336 0.21805725 0.21561103
0.22385924 0.22607152 0.22184985 0.26335326 0.22336280 0.22554706 0.21751099 0.21485423 0.21674842 0.21711719
0.22106607 0.21587409 0.21523560 0.25884492 0.21907730 0.22261657 0.21620751 0.20940329 0.21338508 0.21057758
0.21751884 0.21278925 0.21198465 0.23604386 0.21783944 0.22412549 0.21392019 0.20286084 0.21314139 0.21309267
0.21635655 0.21488567 0.20796973 0.23171158 0.21881938 0.21971899 0.21560604 0.20252083 0.21414010 0.21473960
0.21803197 0.21207896 0.21008452 0.22843759 0.25410957 0.21452806 0.23244705 0.20178553 0.27709639 0.21140804
0.21433080 0.20777438 0.20610106 0.22546572 0.21826940 0.21391643 0.21229749 0.19884701 0.26449702 0.20737196
0.21161974 0.20810579 0.20547788 0.22264523 0.21577793 0.22283557 0.21937479 0.20298420 0.22163322 0.20654208
0.20858385 0.20725856 0.20214835 0.21766862 0.25175191 0.28069345 0.20705080 0.22015055 0.21723577 0.20341653
0.21588106 0.20356236 0.20249756 0.21744655 0.22215513 0.23644872 0.20606492 0.20092552 0.21047587 0.20615368
0.25472140 0.20578405 0.22411688 0.22207331 0.21911738 0.22160228 0.20586631 0.21221158 0.20995281 0.20387668
0.21441581 0.20512911 0.30624150 0.23658560 0.21305087 0.21367718 0.20162602 0.19688051 0.20492656 0.20116043
0.22060900 0.21678053 0.24911348 0.21402303 0.20954515 0.21601093 0.20292693 0.23314391 0.20348681 0.19997335
0.20569444 0.20074157 0.23471324 0.21228164 0.20996902 0.21871192 0.20234328 0.20242006 0.20397448 0.20300086
0.20677772 0.20523437 0.23223615 0.20904468 0.20681354 0.21090342 0.20058550 0.19338187 0.21281260 0.19960223
0.21142946 0.20510955 0.23805543 0.20479651 0.20375486 0.20913028 0.20169885 0.19075174 0.20423933 0.19650181
0.22631423 0.19602526 0.22133439 0.20492299 0.20316672 0.20633828 0.31111722 0.19409326 0.20258625 0.19478900
0.20465964 0.19413665 0.22028385 0.21004916 0.20151470 0.20759428 0.24485763 0.23595038 0.19978220 0.19570224
0.20015405 0.19060806 0.24029706 0.24335351 0.20025231 0.19722570 0.24275351 0.20715560 0.19451324 0.19358623
0.19783812 0.19472124 0.22133642 0.21466242 0.19684234 0.20124928 0.22840756 0.20119338 0.19452621 0.19427540
0.19412053 0.19297806 0.22013375 0.20612965 0.19740767 0.19733850 0.22383821 0.19436581 0.19654996 0.19918273
0.19285631 0.19104492 0.35354120 0.20331508 0.19895429 0.20041780 0.20814521 0.19614849 0.19242024 0.19130673
0.19865385 0.19312185 0.25065424 0.21406236 0.19847472 0.19943872 0.20928328 0.23330147 0.19693774 0.19481176
0.27116280 0.18876892 0.24254356 0.20171843 0.19348451 0.39607149 0.20368361 0.19843280 0.18983415 0.19249819
0.26771258 0.18362725 0.23173002 0.20772570 0.19404712 0.31367426 0.19613628 0.18948229 0.19130019 0.19103304
0.23130765 0.18532297 0.22943367 0.19626648 0.19472655 0.29562518 0.19412782 0.18495181 0.22034673 0.18824357
0.26808291 0.18690561 0.22412229 0.19510987 0.19802907 0.28427628 0.19510160 0.18386784 0.23609176 0.18616975
0.25843852 0.19025190 0.21820146 0.19146434 0.19168628 0.27493048 0.19290172 0.18197809 0.19118058 0.18680864
0.22328039 0.20524501 0.21481906 0.19424724 0.19008761 0.26609659 0.19085808 0.17908091 0.18823320 0.18627719
0.22468306 0.19943712 0.21292202 0.19238790 0.18496297 0.25888368 0.18697589 0.17521457 0.18724178 0.18514338
0.20517697 0.20293888 0.20997571 0.18782474 0.19048855 0.25199303 0.18727533 0.17904173 0.18932016 0.18578646
0.20676093 0.18551616 0.21097204 0.18669892 0.34450622 0.24822114 0.18874890 0.21952133 0.18499557 0.17895671
0.27342603 0.18437769 0.20666713 0.18679184 0.24980847 0.24697357 0.18475783 0.18258249 0.17843802 0.18572439
0.22778121 0.18811067 0.20209727 0.18318909 0.22781088 0.24004186 0.18648621 0.17919372 0.17827391 0.17911385
0.21702091 0.18080786 0.20510554 0.18246936 0.24451050 0.23581239 0.18075198 0.17726501 0.21122719 0.18002415
0.21165087 0.23928685 0.19886896 0.18435473 0.21521094 0.23530530 0.18454334 0.17851239 0.18086806 0.18227938
0.20969672 0.20518417 0.19749843 0.18089672 0.20635536 0.23169618 0.24730630 0.17384346 0.17704666 0.17675094
0.20635579 0.18569733 0.20030846 0.18023822 0.20450430 0.22824669 0.19735951 0.18668013 0.17597972 0.17807899
0.20146897 0.17975225 0.19781066 0.24342256 0.19917340 0.22446451 0.19341935 0.16796599 0.17481439 0.17748066
0.19904020 0.17849031 0.19212086 0.19777591 0.21268364 0.22528495 0.18427934 0.17008789 0.17855172 0.17855193
0.19332198 0.17878581 0.19225960 0.18546848 0.21479567 0.22099896 0.17929478 0.16901006 0.33403028 0.17332655
0.19467910 0.18348206 0.22466589 0.19933619 0.19546053 0.22598015 0.18160142 0.17222206 0.24907186 0.17462506
0.18734025 0.17361078 0.19147413 0.18359753 0.19392845 0.23186628 0.17530581 0.16510656 0.22835526 0.17606673
0.19022588 0.17216575 0.18905213 0.17984578 0.19087313 0.21806507 0.17570198 0.16231502 0.22038442 0.17359982
0.20808629 0.18283198 0.18770256 0.18062198 0.18791455 0.21619523 0.17986892 0.16449876 0.26214041 0.17117767
0.18738350 0.16899002 0.18474466 0.17917898 0.18695412 0.21348869 0.18437799 0.15824895 0.21493871 0.16717485
0.18801486 0.16844825 0.18613503 0.17342485 0.18572525 0.21058030 0.19565001 0.16079667 0.20493427 0.17088061
0.18305575 0.16936526 0.18162082 0.17318909 0.18517795 0.20916751 0.17383697 0.16037351 0.19667611 0.17122472
0.19193104 0.16476838 0.18027356 0.17350239 0.18131870 0.21050936 0.17233706 0.15685251 0.19322136 0.17264144
0.25571044 0.16983964 0.18128844 0.17235073 0.18278728 0.20906754 0.16932667 0.16108468 0.18631091 0.16907852
