# pytorch neural network ReLU CrossEntropyLoss SGD:
#  unit=[80, 20],batch=64,lr=1e-02,momentum=0.9,epoch=128
0.39470845 0.48698694 0.61517543 0.46298933 0.36544520 0.70943934 0.30722085 0.67750013 0.60347879 0.40198490
0.77828133 0.78333116 0.77439684 0.77500111 0.76636887 0.77866977 0.76908803 0.77327466 0.78406489 0.78286946
0.82161510 0.82554275 0.82446373 0.82334155 0.82312572 0.82614702 0.82649231 0.82545644 0.82597435 0.82437974
0.82994521 0.83154213 0.83154213 0.83158529 0.82990205 0.83037680 0.83279383 0.83167166 0.83197373 0.83085221
0.83162844 0.83331174 0.83214641 0.83490872 0.83206010 0.83395916 0.83003151 0.83180112 0.83460659 0.83456314
0.83521086 0.83374339 0.83413184 0.84021753 0.82934093 0.83693731 0.83650565 0.83607405 0.83749837 0.83624595
0.83866376 0.83797318 0.83624673 0.84103757 0.83555615 0.83995855 0.83982909 0.83801633 0.83926797 0.83918017
0.84017438 0.83952695 0.83698046 0.84466314 0.83883637 0.84125340 0.84142601 0.83460659 0.84427470 0.84194177
0.84354097 0.84198713 0.83961326 0.84319568 0.84194398 0.84509474 0.84354097 0.83650565 0.84630322 0.84539372
0.84630322 0.84384304 0.84177130 0.84828866 0.84367043 0.84738231 0.84436101 0.84444731 0.85005826 0.84491909
0.84630322 0.84397256 0.84436101 0.85100782 0.84686434 0.84979928 0.84574217 0.84591478 0.85178471 0.84750807
0.84966981 0.84397256 0.84367043 0.85169840 0.84906554 0.84466314 0.84621692 0.84833181 0.85100782 0.84901834
0.85225946 0.84820235 0.84643275 0.85156888 0.85092151 0.84966981 0.84802967 0.85027409 0.85528076 0.85208201
0.85333854 0.84979928 0.83719623 0.84194398 0.85251844 0.85441756 0.84971297 0.85316586 0.85566920 0.85518879
0.84513789 0.85247529 0.84798652 0.85454702 0.85584188 0.85640293 0.85282058 0.85545343 0.85588503 0.85462785
0.85752517 0.85299325 0.85161209 0.85502177 0.85661876 0.85644609 0.85286373 0.85532391 0.85778409 0.85536140
0.85493547 0.85592818 0.85333854 0.85795677 0.85847467 0.85644609 0.85562605 0.85687774 0.85985583 0.85717368
0.86063272 0.85765463 0.85566920 0.86089170 0.85743880 0.85869050 0.85851783 0.85972637 0.86128014 0.85950375
0.86218655 0.85782725 0.85597134 0.86240232 0.86119384 0.86089170 0.85351115 0.85920841 0.86128014 0.86028045
0.86309290 0.85623032 0.85717988 0.86210024 0.86205703 0.85808623 0.85817254 0.86106437 0.86451727 0.85937434
0.86166859 0.86097801 0.85881996 0.86253184 0.86222970 0.86468989 0.86119384 0.86218655 0.86300659 0.86174756
0.86464673 0.86136651 0.86041695 0.86559629 0.86184126 0.86335188 0.86058956 0.86214340 0.86391300 0.86442286
0.86417198 0.86477619 0.85864735 0.86719322 0.86456043 0.85959685 0.86248869 0.86391300 0.86710691 0.86563104
0.86702061 0.86512148 0.86365402 0.86542362 0.86395615 0.86425829 0.86248869 0.86542362 0.86982608 0.86640775
0.86758167 0.85825890 0.86438775 0.86827224 0.86611420 0.86650264 0.86503518 0.86620051 0.86999869 0.86774540
0.86986923 0.86727953 0.86451727 0.86939442 0.86533731 0.86779749 0.85726619 0.86874706 0.86995554 0.86752969
0.85907894 0.86335188 0.86520779 0.87055981 0.86939442 0.86874706 0.86512148 0.87090510 0.87168199 0.86886734
0.86628687 0.86909235 0.86602789 0.87362427 0.87120724 0.87086195 0.86633003 0.87047350 0.87068927 0.87106794
0.86995554 0.87219989 0.86982608 0.87388319 0.87107772 0.87025768 0.86715007 0.87077558 0.86417198 0.87089539
0.87125039 0.86982608 0.86904913 0.87625706 0.87146616 0.87163883 0.86956710 0.87250203 0.85135311 0.87331176
0.87336528 0.87232941 0.87146616 0.87634337 0.87422848 0.87340844 0.87099141 0.87194097 0.86986923 0.87542611
0.87289047 0.86978292 0.86922181 0.87871724 0.87077558 0.87664551 0.86978292 0.87194097 0.87081879 0.87387270
0.87396955 0.87496221 0.87392634 0.87509173 0.87776768 0.87897623 0.87215674 0.86555308 0.87535071 0.87853289
0.87806982 0.87358105 0.87366742 0.88083214 0.87768137 0.87336528 0.87332213 0.87142301 0.87530750 0.87754047
0.87871724 0.87660235 0.87336528 0.88208383 0.87927836 0.87811297 0.87431484 0.87591177 0.87789720 0.88017261
0.87936467 0.87802666 0.87690449 0.85299325 0.87966681 0.88040054 0.87599808 0.87362427 0.87785405 0.87883496
0.87940782 0.87923521 0.87081879 0.87457377 0.87992579 0.88225645 0.87746561 0.87707710 0.86024427 0.87939590
0.88083214 0.87945098 0.87716347 0.86287713 0.88048685 0.88217014 0.87815619 0.88217014 0.87798351 0.88293421
0.88372391 0.87832880 0.87888992 0.87910569 0.88221329 0.88247228 0.87919199 0.87962365 0.87828565 0.88280475
0.87927836 0.88074583 0.88273126 0.88359445 0.88307655 0.88484615 0.86792696 0.88113427 0.88173854 0.88384032
0.88238597 0.88143641 0.87194097 0.88428503 0.87759507 0.88290387 0.87953728 0.88070267 0.87530750 0.88478965
0.88510507 0.87841511 0.86986923 0.88570935 0.88372391 0.88406920 0.87910569 0.88415557 0.88350815 0.88608414
0.88195431 0.87880355 0.87958050 0.88588202 0.88791054 0.87897623 0.88156587 0.88627046 0.88661575 0.88750809
0.88791054 0.88333547 0.88191116 0.88687468 0.88596833 0.87884676 0.88229960 0.88523459 0.88355130 0.88802588
0.88760847 0.88704735 0.88372391 0.88816953 0.88557988 0.88618410 0.88255858 0.88545036 0.88376713 0.88975191
0.88765162 0.88536406 0.88320601 0.88583881 0.88804007 0.88842851 0.88346499 0.88886011 0.88333547 0.88923407
0.88980967 0.88614094 0.88583881 0.88091844 0.88864434 0.87435800 0.88683152 0.89119083 0.88855797 0.88871628
0.87742239 0.88791054 0.88791054 0.89140660 0.89011180 0.88687468 0.88450086 0.88868749 0.88721997 0.89044231
0.88864434 0.85795677 0.88946438 0.89075923 0.88968015 0.89110452 0.88687468 0.89028442 0.88886011 0.88936353
0.89166558 0.87539387 0.88929170 0.88950753 0.89002544 0.89196771 0.88760847 0.89097500 0.88976651 0.89117581
0.89313304 0.88415557 0.88864434 0.89296043 0.89097500 0.89373732 0.89019811 0.89214039 0.89080238 0.89272922
0.89356470 0.88596833 0.89192456 0.89386678 0.89144981 0.89498901 0.88959384 0.89455736 0.89360785 0.89354908
0.89576590 0.89123398 0.89170873 0.89611119 0.88264489 0.88277441 0.89270145 0.88929170 0.88942122 0.89423949
0.89516163 0.88976651 0.89593852 0.85497862 0.89261514 0.89425528 0.88937807 0.89632696 0.89274460 0.89644015
0.89485949 0.89183825 0.89658594 0.88614094 0.89442790 0.87923521 0.89175189 0.89870083 0.88937807 0.89523190
0.89649963 0.89451420 0.89589536 0.88795376 0.89460057 0.89408261 0.89050025 0.89796710 0.89188141 0.89600861
0.89555007 0.88782424 0.89792395 0.89019811 0.89580905 0.89455736 0.88696104 0.89593852 0.89749235 0.89989215
0.89917564 0.89468688 0.89844191 0.89278775 0.89706075 0.89580905 0.89261514 0.89908928 0.89615434 0.89803666
0.90055680 0.89537746 0.89654279 0.89093184 0.89619750 0.87837195 0.88514829 0.89852822 0.87150937 0.89933115
0.89947778 0.86922181 0.89826924 0.89317620 0.89731967 0.86149597 0.89412576 0.90008199 0.89054340 0.89989215
0.90077257 0.88959384 0.89965039 0.89719021 0.89891666 0.89015496 0.88553673 0.89226985 0.89425528 0.90278316
0.90137684 0.89196771 0.90193796 0.89818293 0.89675862 0.89632696 0.87211359 0.89494586 0.89451420 0.90015101
0.90163583 0.89684492 0.90318960 0.89891666 0.90137684 0.89835554 0.88752210 0.90344858 0.89481634 0.90325785
0.90085888 0.89628381 0.88501877 0.89779449 0.86904913 0.89883035 0.89408261 0.90318960 0.89792395 0.90187705
0.90016830 0.89727652 0.90068626 0.90111786 0.89201087 0.90142000 0.89602488 0.90219688 0.89317620 0.90442288
0.90439814 0.90008199 0.90059996 0.90254217 0.89593852 0.90116102 0.89490265 0.90396649 0.89921880 0.90230852
0.90297383 0.89874399 0.90163583 0.88333547 0.89852822 0.90249902 0.89792395 0.90392333 0.90038413 0.90282631
0.90198112 0.89149296 0.90482974 0.90072942 0.90021151 0.90224004 0.90116102 0.90495920 0.90193796 0.90321469
0.90672880 0.90068626 0.90698779 0.90107471 0.90357804 0.90232641 0.90038413 0.90586561 0.90215373 0.90610570
0.90750569 0.90163583 0.90586561 0.90388018 0.90388018 0.87409902 0.90142000 0.90625405 0.90327591 0.90675294
0.90340543 0.90418231 0.90642667 0.90599507 0.90245587 0.89516163 0.90327591 0.90823948 0.89749235 0.90714133
0.90810996 0.90564978 0.91052699 0.90349174 0.90297383 0.89809662 0.90224004 0.90949112 0.90435493 0.90886730
0.90836895 0.90711725 0.90694463 0.90608138 0.90646988 0.90111786 0.90392333 0.90750569 0.90785098 0.90826321
0.90685833 0.90603822 0.90923214 0.90642667 0.90564978 0.90042728 0.90547717 0.90966380 0.89667225 0.90752965
0.84116709 0.90586561 0.90862793 0.90603822 0.87884676 0.90219688 0.90616775 0.88851482 0.89947778 0.90748650
0.88644308 0.90586561 0.91018170 0.90513188 0.90176529 0.90707409 0.90677196 0.89740604 0.90435493 0.91098166
0.89606804 0.90418231 0.90927535 0.90875739 0.90353489 0.90629721 0.90728992 0.90763521 0.90875739 0.91063648
0.90107471 0.90629721 0.90819627 0.89900297 0.90435493 0.90383703 0.90905952 0.90888685 0.90897322 0.91137004
0.90254217 0.90936166 0.91255558 0.90521818 0.90133369 0.90836895 0.90910268 0.90439814 0.90616775 0.91223300
0.90552032 0.90815312 0.90288746 0.87927836 0.90910268 0.90931851 0.90983641 0.91048384 0.90910268 0.91111112
0.90612459 0.90823948 0.91044068 0.89580905 0.90659934 0.90586561 0.91126072 0.91061330 0.91057014 0.91158575
0.90741938 0.91104496 0.91246927 0.89071602 0.91052699 0.90949112 0.91026801 0.91294402 0.91385043 0.91344118
0.91039753 0.91173553 0.91406620 0.90612459 0.90975010 0.90703094 0.91221029 0.91423887 0.91436833 0.91426104
0.90957743 0.91238290 0.91596532 0.90634036 0.91164917 0.90918899 0.91393673 0.91518837 0.91242611 0.91102481
0.90966380 0.91385043 0.91303033 0.90759206 0.89779449 0.91057014 0.90526134 0.91605163 0.88432819 0.91167206
0.91048384 0.91497260 0.91540420 0.91009539 0.90992272 0.91242611 0.91307348 0.91743279 0.89002544 0.91443366
0.91242611 0.91505891 0.91549051 0.90875739 0.91233975 0.91341877 0.90724677 0.91609478 0.90849841 0.91508090
0.91354829 0.91514522 0.91894341 0.91104496 0.89675862 0.88346499 0.91540420 0.90927535 0.91082913 0.91797197
0.91251242 0.91579264 0.91764855 0.91069967 0.90763521 0.90129054 0.91557688 0.91743279 0.91225344 0.91676378
0.89516163 0.91618109 0.91031116 0.91108811 0.90966380 0.90949112 0.91622424 0.91346198 0.91242611 0.91693634
0.91095859 0.91682851 0.88225645 0.89844191 0.91320300 0.91203761 0.91600847 0.92058355 0.91687167 0.91801512
0.91147655 0.91229659 0.89779449 0.91423887 0.91415250 0.91242611 0.91687167 0.90085888 0.91656953 0.91857606
0.91428202 0.91842550 0.90439814 0.91264188 0.91436833 0.91117442 0.91820967 0.91428202 0.91816652 0.91818768
0.91350514 0.91618109 0.90577930 0.91540420 0.91419572 0.91216713 0.91993612 0.92136043 0.91199446 0.91948217
0.91363460 0.91648322 0.90470022 0.91738963 0.91751909 0.91544735 0.91950452 0.92230999 0.91730326 0.92008632
0.90767837 0.91946137 0.90893006 0.91747594 0.91726011 0.91562003 0.86645949 0.92144674 0.91635376 0.92116505
0.91579264 0.92187840 0.91333246 0.91441149 0.91769177 0.91531789 0.89891666 0.90426862 0.91984981 0.92133766
0.91639692 0.92390692 0.90180844 0.90090209 0.91773492 0.91881394 0.89662910 0.91346198 0.92028141 0.92297733
0.91665590 0.92045403 0.90836895 0.91272819 0.91890025 0.91769177 0.90737623 0.91549051 0.92174888 0.92237324
0.91933185 0.92278475 0.91255558 0.91756225 0.92049724 0.91803706 0.90465707 0.91989297 0.92049724 0.91723841
0.92105830 0.92321634 0.86589837 0.91631061 0.91820967 0.91816652 0.91471362 0.91885710 0.92196470 0.92349517
0.91859812 0.92075616 0.89494586 0.91350514 0.91790754 0.92097199 0.91164917 0.90323275 0.92123097 0.92181230
0.88458717 0.92477018 0.90059996 0.92071301 0.92325956 0.83063579 0.91536105 0.91872764 0.92274159 0.92233008
0.88743579 0.92464066 0.90470022 0.91618109 0.92131728 0.85968322 0.92036772 0.92308688 0.92369115 0.92271847
0.90366435 0.92563337 0.90629721 0.92079931 0.92019510 0.86861753 0.92118782 0.92403644 0.91074282 0.92470336
0.88890326 0.92563337 0.90707409 0.92010880 0.91967714 0.87811297 0.92101514 0.92291427 0.90327591 0.92690396
0.89403945 0.92494279 0.91000909 0.92317319 0.92148989 0.88290387 0.92019510 0.92524493 0.92308688 0.92276162
0.90854156 0.91475677 0.91117442 0.92127413 0.92097199 0.88816953 0.92136043 0.92576289 0.92313004 0.92582524
0.90668565 0.91963398 0.91380721 0.92183518 0.92502916 0.89119083 0.92429537 0.92748934 0.92649662 0.92742181
0.91682851 0.91829598 0.91514522 0.92347533 0.92429537 0.89356470 0.92321634 0.92861152 0.92364800 0.92513484
0.91592216 0.92554706 0.91458416 0.92317319 0.85614401 0.89365101 0.92192155 0.90923214 0.92563337 0.92927724
0.88381028 0.92489964 0.91562003 0.92498595 0.89365101 0.89818293 0.92606503 0.92451119 0.92610818 0.92612731
0.90448445 0.92464066 0.91773492 0.92632395 0.90599507 0.89990938 0.92386377 0.92623764 0.92908627 0.92854369
0.90996593 0.92938840 0.91540420 0.92576289 0.90003884 0.90081573 0.92697138 0.92753249 0.91337562 0.92828476
0.91225344 0.90534765 0.91846865 0.92477018 0.91022485 0.90323275 0.92684191 0.92528808 0.92714405 0.92621356
0.91363460 0.91510206 0.91928869 0.92593551 0.91328931 0.90353489 0.90854156 0.92938840 0.92835253 0.93065804
0.91605163 0.92386377 0.91838235 0.92830938 0.91540420 0.90638351 0.92157626 0.92377746 0.92969054 0.92819852
0.91777807 0.92813671 0.91954768 0.89753550 0.91898656 0.90612459 0.92304373 0.93348873 0.93033797 0.92975187
0.91600847 0.92766196 0.92205101 0.91838235 0.91251242 0.90733308 0.92533123 0.93102854 0.92882729 0.92811221
0.92036772 0.92796409 0.92313004 0.92485648 0.91065645 0.90983641 0.92822307 0.93154645 0.85679138 0.93065804
0.92028141 0.92559022 0.91000909 0.91700119 0.91950452 0.90854156 0.92641032 0.92956108 0.89037073 0.93009710
0.92382061 0.92878413 0.92101514 0.92459750 0.92006558 0.90090209 0.92986315 0.93322974 0.90228325 0.92819852
0.92330271 0.93154645 0.92395008 0.92653978 0.92300057 0.90940481 0.92986315 0.93499935 0.91065645 0.93091697
0.91298717 0.92619449 0.92373431 0.92602181 0.92364800 0.91039753 0.92748934 0.93396348 0.89390999 0.93147790
0.92433858 0.93210757 0.92563337 0.92805040 0.92502916 0.91372091 0.92800725 0.93655318 0.91013855 0.93518877
0.92179203 0.93154645 0.92459750 0.92994952 0.92528808 0.91406620 0.91933185 0.93448144 0.91514522 0.93190938
0.92546076 0.93318659 0.92800725 0.93055373 0.92554706 0.91328931 0.92848200 0.93499935 0.91756225 0.93139160
0.92226684 0.93340242 0.92502916 0.93068326 0.92641032 0.91354829 0.93042427 0.93698478 0.91946137 0.93186623
0.89179510 0.93184859 0.92550391 0.92982000 0.92571974 0.91492945 0.93180543 0.93469721 0.92209417 0.93406689
