# pytorch neural network ReLU CrossEntropyLoss Adam:
#  unit=[40],batch=64,lr=1e-03,betas=(0.9, 0.999),eps=1e-08,decay=0.0,amsgrad=False,epoch=64
0.73023017 0.71233208 0.67777855 0.71613290 0.72582454 0.71106837 0.70101071 0.63218387 0.77796293 0.71894208
0.43298004 0.44603331 0.45107550 0.44091911 0.44009854 0.44584452 0.44478211 0.43258538 0.44163663 0.45880920
0.36441900 0.37393782 0.37656259 0.37309511 0.37347951 0.37681086 0.37092549 0.37785916 0.37017008 0.37222459
0.35863669 0.36554480 0.36371637 0.36237205 0.36353091 0.36640129 0.36082105 0.36555236 0.36141151 0.36369872
0.35384090 0.36174315 0.35918662 0.35654762 0.35915323 0.36078191 0.35700842 0.36051129 0.35613476 0.35702971
0.34339242 0.36178272 0.35671272 0.35384524 0.36584692 0.35807029 0.35389800 0.35682777 0.35270943 0.35335394
0.33897096 0.35267752 0.35375278 0.34876230 0.35152825 0.35374805 0.34843413 0.35708216 0.34822943 0.34947441
0.33458517 0.34898949 0.34939350 0.34564614 0.34693136 0.35025515 0.34805463 0.34930391 0.34487925 0.34529973
0.33088256 0.34575861 0.34682868 0.34240779 0.34307336 0.35005376 0.34304308 0.34585174 0.34177219 0.34208081
0.33026282 0.34189845 0.34244981 0.33806037 0.33922924 0.34339213 0.33894853 0.34192857 0.33759530 0.33811513
0.32394786 0.33845503 0.33912495 0.33449201 0.33568790 0.33882605 0.33524134 0.33860011 0.33430945 0.33410740
0.32091544 0.33435061 0.33738921 0.33072143 0.33177005 0.33823048 0.33177618 0.33522826 0.33061420 0.32943310
0.31778608 0.33054254 0.33258289 0.32823977 0.33334139 0.33124276 0.33003280 0.33128626 0.32765373 0.32511634
0.31444296 0.32587770 0.33299945 0.32469161 0.32832047 0.32684503 0.32609156 0.32685007 0.32374331 0.32077213
0.31115034 0.32165040 0.32483417 0.32143862 0.32485724 0.32270901 0.32037204 0.32607403 0.32347366 0.31665010
0.30831646 0.31802450 0.31963404 0.31742972 0.31699303 0.31940879 0.31630168 0.32027598 0.31856232 0.31266719
0.30580255 0.31388885 0.31592477 0.31378817 0.31423094 0.31549326 0.31356258 0.31677432 0.31281069 0.30934167
0.30891782 0.31101245 0.31231737 0.30976461 0.30943539 0.31766775 0.31022803 0.31473895 0.30865291 0.30819757
0.30482014 0.30696844 0.30947019 0.30737677 0.30688421 0.31082342 0.30559443 0.31001377 0.30562812 0.30405473
0.30447953 0.30481835 0.30620274 0.30352199 0.30479306 0.30550307 0.30144217 0.30662673 0.30226775 0.30137798
0.29906504 0.30143486 0.30320764 0.30071736 0.30084929 0.30197145 0.29857417 0.30454659 0.30005632 0.29768272
0.29475928 0.29683718 0.30089896 0.29980322 0.29697953 0.29950769 0.29568877 0.30064803 0.29669999 0.29553514
0.29285591 0.29424388 0.29823954 0.29635342 0.29442111 0.29730888 0.29304589 0.29829518 0.29362436 0.29390828
0.29164462 0.29115072 0.29578516 0.29324924 0.29056245 0.29407196 0.29123542 0.29649534 0.29074516 0.29224468
0.29002473 0.28963186 0.29358026 0.29176131 0.28840354 0.29099606 0.28855235 0.29372220 0.28911257 0.28902664
0.28827668 0.28617058 0.29180229 0.28926202 0.28578017 0.29025260 0.28725362 0.29187611 0.28642179 0.28702179
0.28726926 0.28432104 0.28942392 0.28698123 0.28334041 0.28684783 0.28674308 0.29469657 0.28688233 0.28480423
0.28568495 0.28273375 0.28798005 0.28534194 0.28393445 0.28639735 0.28359336 0.28936421 0.28309409 0.28307234
0.28463880 0.28111162 0.28587599 0.28876735 0.28029424 0.28400775 0.27948212 0.28519876 0.28079227 0.28122726
0.28259475 0.28023309 0.28452402 0.28395088 0.27682290 0.28024734 0.27780719 0.28594300 0.27843263 0.28049741
0.28083241 0.27659668 0.28346273 0.27962256 0.27510029 0.27724645 0.27610777 0.28504687 0.27777166 0.27841351
0.28012198 0.27408238 0.28149757 0.27918371 0.27340770 0.27594183 0.27354480 0.28184950 0.27407062 0.27715327
0.27832639 0.27302936 0.27972171 0.27866987 0.27233316 0.27521681 0.27379090 0.27798650 0.27203437 0.27494808
0.27948021 0.27115126 0.27852750 0.27657473 0.27009211 0.27314141 0.27432752 0.27680575 0.27060392 0.27333048
0.27618290 0.26922394 0.27767687 0.27382465 0.26850040 0.27132088 0.27111882 0.27565151 0.26829326 0.27348276
0.27786318 0.26798791 0.27549539 0.27152928 0.26720132 0.27178650 0.26822473 0.27489368 0.26691741 0.27261773
0.27465918 0.26676650 0.27409011 0.27196918 0.26728592 0.26713289 0.26658699 0.27211103 0.26865181 0.27000192
0.27571411 0.26466384 0.27210734 0.27263108 0.26472296 0.26600054 0.26561308 0.27030044 0.26480880 0.26954576
0.27334314 0.26258533 0.27120491 0.26857793 0.26275156 0.26508696 0.26445621 0.26910927 0.26180239 0.26676645
0.27022523 0.26438297 0.27082193 0.26848861 0.26620417 0.26392518 0.26362811 0.26881912 0.26101388 0.26597080
0.27016344 0.26369386 0.26879460 0.26664864 0.26262205 0.26477748 0.26131671 0.26715794 0.25880586 0.26556058
0.26973932 0.25998249 0.26712866 0.26633770 0.25915728 0.26165627 0.26042766 0.26562862 0.25786097 0.26374763
0.26650496 0.25819229 0.26954430 0.26376440 0.25909445 0.25928841 0.25906752 0.26585449 0.25816028 0.26269021
0.26674140 0.25742165 0.26635731 0.26175187 0.25840436 0.25775361 0.25795824 0.26297042 0.25614855 0.26102591
0.26499174 0.25573518 0.26467961 0.26124910 0.25555320 0.25747190 0.25715721 0.26177086 0.25527346 0.26007863
0.26362929 0.25444341 0.26826591 0.26159789 0.25466818 0.25780069 0.25585208 0.26107038 0.25380793 0.25872760
0.26303963 0.25373072 0.26532200 0.25872393 0.25502582 0.25508029 0.25759545 0.26029141 0.25158783 0.25787067
0.26159301 0.25296772 0.26378199 0.25693962 0.25302926 0.25603987 0.25485620 0.26037762 0.25064823 0.25692493
0.26039330 0.25283837 0.26306768 0.26061661 0.25170949 0.25291263 0.25220894 0.26526789 0.24930328 0.25609322
0.26001197 0.25159733 0.26046559 0.25716252 0.25016539 0.25116824 0.25111363 0.25849445 0.24907096 0.25485298
0.26124924 0.24932472 0.25737017 0.25625967 0.24991007 0.25303691 0.25369634 0.25563649 0.24798509 0.25376048
0.25975185 0.24859500 0.25707396 0.25373715 0.24872529 0.25051181 0.25484574 0.25588343 0.24671689 0.25231284
0.25813520 0.24736089 0.25628796 0.25540920 0.24883301 0.24845019 0.25072377 0.25425268 0.24584253 0.25214574
0.25759778 0.24615805 0.25500425 0.25330212 0.24764359 0.24698905 0.24756842 0.25593779 0.24479445 0.25209493
0.25539216 0.24532166 0.25436298 0.25046397 0.24649263 0.24562471 0.24662536 0.25376239 0.24391589 0.25040158
0.25396464 0.24647362 0.25373786 0.24952531 0.24509394 0.24465218 0.24565322 0.25217682 0.24312393 0.25064106
0.25448884 0.24580897 0.25278080 0.24844670 0.24585509 0.24414099 0.24672272 0.25100612 0.24338361 0.24834013
0.25225093 0.24350312 0.25145728 0.24805431 0.24509983 0.24325971 0.24627558 0.25088431 0.24168187 0.24846580
0.25202131 0.24675462 0.25116514 0.24662421 0.24328230 0.24235137 0.24417902 0.25027305 0.23946894 0.24715721
0.25062603 0.24355309 0.25441609 0.24634767 0.24127013 0.24630694 0.24232643 0.24724841 0.23846473 0.24759576
0.25035648 0.24062411 0.25136873 0.24530080 0.24015324 0.24432690 0.24193998 0.24704882 0.23896581 0.24565218
0.24898965 0.23905564 0.25130011 0.24485359 0.24155828 0.24048142 0.24121267 0.25341188 0.23694691 0.24456464
0.24923508 0.23830333 0.24820598 0.24397002 0.24020929 0.23866121 0.24041365 0.24687521 0.23759345 0.24477145
0.25011059 0.23828918 0.24675559 0.24342472 0.23870439 0.23878353 0.23989273 0.24415877 0.23715325 0.24253033
0.24825110 0.23750683 0.24648785 0.24250618 0.23843890 0.23705550 0.23933011 0.24416119 0.23502402 0.24286272
