# pytorch neural network ReLU CrossEntropyLoss Adam:
#  unit=[40],batch=64,lr=1e-03,betas=(0.9, 0.999),eps=1e-08,decay=0.0,amsgrad=False,epoch=64
0.28145367 0.39432001 0.56964046 0.34356251 0.42884889 0.45388234 0.43333766 0.71621561 0.28046095 0.31533980
0.78695673 0.76818162 0.76887220 0.77582115 0.77349043 0.76934695 0.77025336 0.78022355 0.76623935 0.75905073
0.83361387 0.82804608 0.82964307 0.82882297 0.82593119 0.82524061 0.82959992 0.82752818 0.82882297 0.82843584
0.83754152 0.83149898 0.83357072 0.83227587 0.83231902 0.83128315 0.83426130 0.83128315 0.83292329 0.83309603
0.84177130 0.83382970 0.83482242 0.83637619 0.83469290 0.83154213 0.83641934 0.83499503 0.83607405 0.83482200
0.84643275 0.83585829 0.83685094 0.83827525 0.83784366 0.83452028 0.83922482 0.83641934 0.83892268 0.83848977
0.84738231 0.83603090 0.83926797 0.84112394 0.84077865 0.83780050 0.84008807 0.83896583 0.84082180 0.84094930
0.85087836 0.84168500 0.84077865 0.84289354 0.84190083 0.83987224 0.84121025 0.84099442 0.84410203 0.84228694
0.85217315 0.84224612 0.84220296 0.84587163 0.84436101 0.84203029 0.84535372 0.84241873 0.84565586 0.84612727
0.85493547 0.84487891 0.84466314 0.84867710 0.84863394 0.84695065 0.84790021 0.84600115 0.84966981 0.84979504
0.85756832 0.84923822 0.84880662 0.85152572 0.84971297 0.84979928 0.84897923 0.84919506 0.85105097 0.85199571
0.85985583 0.85200053 0.85087836 0.85411543 0.85359746 0.85152572 0.85247529 0.85109413 0.85377014 0.85518879
0.86192757 0.85597134 0.85307956 0.85605764 0.85640293 0.85476285 0.85605764 0.85238898 0.85541022 0.85825241
0.86266130 0.85713667 0.85510814 0.85890627 0.85653245 0.85705036 0.85730934 0.85709351 0.85506493 0.86140239
0.86490571 0.85968322 0.85791361 0.86024427 0.85860419 0.85886312 0.85985583 0.85869050 0.85951054 0.86381876
0.86477619 0.86050326 0.86184126 0.86404246 0.86166859 0.85998535 0.86322242 0.85981268 0.86244553 0.86576051
0.86719322 0.86456043 0.86361086 0.86386985 0.86460358 0.86296344 0.86343819 0.86253184 0.86343819 0.86860842
0.86887652 0.86456043 0.86507833 0.86788380 0.86538047 0.86322242 0.86559629 0.86438775 0.86555308 0.86921251
0.86961025 0.86788380 0.86589837 0.86827224 0.86874706 0.86563945 0.86680478 0.86408561 0.86771119 0.87059331
0.86909235 0.87025768 0.86866069 0.86995554 0.86982608 0.86736590 0.86879021 0.86749536 0.86973971 0.87370008
0.87051666 0.87086195 0.87163883 0.87258840 0.87155253 0.86913550 0.87142301 0.86857438 0.87125039 0.87525350
0.87319261 0.87453061 0.87181145 0.87353790 0.87358105 0.87051666 0.87314945 0.86926496 0.87293369 0.87555557
0.87310630 0.87522119 0.87336528 0.87319261 0.87517804 0.87090510 0.87491906 0.87107772 0.87448746 0.87702262
0.87396955 0.87642974 0.87513489 0.87690449 0.87716347 0.87435800 0.87699080 0.87060297 0.87621391 0.87814456
0.87483275 0.87759507 0.87630022 0.87586862 0.87638652 0.87617075 0.87837195 0.87345159 0.87707710 0.87918013
0.87690449 0.87863094 0.87690449 0.87906253 0.88078898 0.87487590 0.87958050 0.87453061 0.87867409 0.87900758
0.87651604 0.87940782 0.87841511 0.87927836 0.88195431 0.87776768 0.87876040 0.87733608 0.87880355 0.88094932
0.87707710 0.87983942 0.87949413 0.88126373 0.88320601 0.88070267 0.87979627 0.87513489 0.87932152 0.88228697
0.87750876 0.88225645 0.88109112 0.88113427 0.88316286 0.88053000 0.88160902 0.87815619 0.88221329 0.88220066
0.87828565 0.88337862 0.88061637 0.88035738 0.88497561 0.88195431 0.88471663 0.88005525 0.88139325 0.88414240
0.88001209 0.88251543 0.88372391 0.88204068 0.88519144 0.88385344 0.88324916 0.87806982 0.88260174 0.88578206
0.87914884 0.88532090 0.88234282 0.88333547 0.88691789 0.88350815 0.88644308 0.88113427 0.88333547 0.88548005
0.88139325 0.88467348 0.88402605 0.88393974 0.88592517 0.88411242 0.88627046 0.88324916 0.88553673 0.88742179
0.88191116 0.88691789 0.88463032 0.88411242 0.88868749 0.88484615 0.88812637 0.88385344 0.88480300 0.88703346
0.88087529 0.88644308 0.88545036 0.88540721 0.88860112 0.88773793 0.88644308 0.88566619 0.88596833 0.88742179
0.88281757 0.88851482 0.88622731 0.88760847 0.88989598 0.88704735 0.88829905 0.88536406 0.88734949 0.88733548
0.88324916 0.88903278 0.88648623 0.88816953 0.89175189 0.88886011 0.88911909 0.88709050 0.88773793 0.88884574
0.88324916 0.89002544 0.88773793 0.88765162 0.88993913 0.88860112 0.88881695 0.88795376 0.88756526 0.89057171
0.88458717 0.89084554 0.88829905 0.88791054 0.89205402 0.88950753 0.88916224 0.88890326 0.88950753 0.89083064
0.88506192 0.89157927 0.88959384 0.88976651 0.89283091 0.89136344 0.88955069 0.88916224 0.89011180 0.89108956
0.88566619 0.89265829 0.89011180 0.88916224 0.89084554 0.89050025 0.89201087 0.89002544 0.89175189 0.89238405
0.88557988 0.89153612 0.89015496 0.88907593 0.89296043 0.89214039 0.89257199 0.88920540 0.89140660 0.89208198
0.88683152 0.89460057 0.88998228 0.88998228 0.89378047 0.89304674 0.89239931 0.89153612 0.89114767 0.89199567
0.88799691 0.89481634 0.88980967 0.89308989 0.89360785 0.89278775 0.89231300 0.89239931 0.89270145 0.89156419
0.88847166 0.89447105 0.88946438 0.89140660 0.89455736 0.89356470 0.89408261 0.89231300 0.89278775 0.89488673
0.88881695 0.89529115 0.89166558 0.89270145 0.89628381 0.89365101 0.89498901 0.89386678 0.89429843 0.89445525
0.88834220 0.89606804 0.88933486 0.89196771 0.89628381 0.89438474 0.89464372 0.89278775 0.89529115 0.89583606
0.88993913 0.89580905 0.89425528 0.89382362 0.89451420 0.89671546 0.89624065 0.89334887 0.89550692 0.89471412
0.88980967 0.89567959 0.89313304 0.89399630 0.89637017 0.89589536 0.89576590 0.89421207 0.89723337 0.89656955
0.89136344 0.89649963 0.89356470 0.89261514 0.89706075 0.89844191 0.89680177 0.89429843 0.89779449 0.89600861
0.89244246 0.89818293 0.89490265 0.89632696 0.89792395 0.89801025 0.89770812 0.89641333 0.89826924 0.89674217
0.89127713 0.89921880 0.89559323 0.89408261 0.89801025 0.89757866 0.89602488 0.89589536 0.89805341 0.89816612
0.89296043 0.89835554 0.89628381 0.89611119 0.89986622 0.89952093 0.89857137 0.89511847 0.89844191 0.89734626
0.89416891 0.89908928 0.89576590 0.89464372 0.89870083 0.90008199 0.89861453 0.89744920 0.89874399 0.89734626
0.89369416 0.89900297 0.89602488 0.89697438 0.90077257 0.90055680 0.89822608 0.89503217 0.90029782 0.89816612
0.89455736 0.89831239 0.89585221 0.89783764 0.89995253 0.90051359 0.89926195 0.89684492 0.90034097 0.89825243
0.89533430 0.89982301 0.89688808 0.89762181 0.90124738 0.90180844 0.90081573 0.89710391 0.90021151 0.89933115
0.89533430 0.89870083 0.89749235 0.89628381 0.89934826 0.90146315 0.90016830 0.89831239 0.90167898 0.90023732
0.89593852 0.90094525 0.89826924 0.89801025 0.89913249 0.90142000 0.90163583 0.89693123 0.90236956 0.89842504
0.89628381 0.89943457 0.89835554 0.89883035 0.90293062 0.90176529 0.90094525 0.90072942 0.90228325 0.89963323
0.89593852 0.90163583 0.89895982 0.89947778 0.90137684 0.90137684 0.90025467 0.89973670 0.90254217 0.89907229
0.89706075 0.90344858 0.89775133 0.89857137 0.90224004 0.90228325 0.90146315 0.90034097 0.90375072 0.90144551
0.89762181 0.90228325 0.89865768 0.89930511 0.90241271 0.90530449 0.90103155 0.89861453 0.90375072 0.90286946
0.89710391 0.90163583 0.89986622 0.90068626 0.90219688 0.90228325 0.90318960 0.90064311 0.90388018 0.90157497
0.89680177 0.90375072 0.90016830 0.90116102 0.90258533 0.90375072 0.90362120 0.90146315 0.90487289 0.90110034
