# pytorch neural network ReLU CrossEntropyLoss SGD:
#  unit=[40],batch=64,lr=1e-02,momentum=0.2,epoch=128
0.73023017 0.69950236 0.66223931 0.71065511 0.68585182 0.71144071 0.68711463 0.70003685 0.67547162 0.73741791
0.59220298 0.55758945 0.52934972 0.54713055 0.56418271 0.56474693 0.56207408 0.55760940 0.54822804 0.56394402
0.51219325 0.47823362 0.45382849 0.47013774 0.48287948 0.47886572 0.48389480 0.48584350 0.47810494 0.47516763
0.46591857 0.43778733 0.42157741 0.43614385 0.44143034 0.44095138 0.43905683 0.44619247 0.44395083 0.43500479
0.43276629 0.41560714 0.40773342 0.41441106 0.41454867 0.41749226 0.41612597 0.42407076 0.42202403 0.41493552
0.41344649 0.40603228 0.39965406 0.40396027 0.40201472 0.40478944 0.40296686 0.41060019 0.41019451 0.40390933
0.40389616 0.39901532 0.39479708 0.39902434 0.39543351 0.40034038 0.39732276 0.40263302 0.40256680 0.39787741
0.39801778 0.39393570 0.39158330 0.39339756 0.39123941 0.39290006 0.39146302 0.39754064 0.39551771 0.39346724
0.39368787 0.39074985 0.38832453 0.39013922 0.38876472 0.38940540 0.38781896 0.39313269 0.39112044 0.38975740
0.39209646 0.39098940 0.38596981 0.38759186 0.38860190 0.38882004 0.38525922 0.39065079 0.38787972 0.38715492
0.38761725 0.38559726 0.38401671 0.38655297 0.38426973 0.38503667 0.38260941 0.38745102 0.38486429 0.38454609
0.38572151 0.38412474 0.38157850 0.38282029 0.38262498 0.38418055 0.38173111 0.38665754 0.38768806 0.38283406
0.38413769 0.38415221 0.38002653 0.38090637 0.37971654 0.38082796 0.37915845 0.38334612 0.38066495 0.38039955
0.38135169 0.38000602 0.37853752 0.37936654 0.37856597 0.37828508 0.37714961 0.38134904 0.37854272 0.38003245
0.37867864 0.37927851 0.37751785 0.38258639 0.37671876 0.37789940 0.37604012 0.38088758 0.37708651 0.37703189
0.37703607 0.37722310 0.37542966 0.37674971 0.38789253 0.37646496 0.37693140 0.37819246 0.37586039 0.37623814
0.37537129 0.37722844 0.37410584 0.37895941 0.37456065 0.37425461 0.37396487 0.37704985 0.37450426 0.37442792
0.37955341 0.37455052 0.37420670 0.37367728 0.37425242 0.37399274 0.37255672 0.37999452 0.37336045 0.37342132
0.37674624 0.37345580 0.37191744 0.37511834 0.37230533 0.37172097 0.37092926 0.37467380 0.37491126 0.37363498
0.37378074 0.37445170 0.37182056 0.37378807 0.37134197 0.37051917 0.37023393 0.37337738 0.37036781 0.37102965
0.37030328 0.37239562 0.36995046 0.37285500 0.37045034 0.37368000 0.36902800 0.37659927 0.37275828 0.37079874
0.36946837 0.37178373 0.37378041 0.37120454 0.36969776 0.36906529 0.36811952 0.37217554 0.36867822 0.36948829
0.36797984 0.37047049 0.36852314 0.36837894 0.36900673 0.37143782 0.36813963 0.37051302 0.36861895 0.36844378
0.36708601 0.36860620 0.36762480 0.36767672 0.36805739 0.36820826 0.36677391 0.36963366 0.36656910 0.36770798
0.36645024 0.36781981 0.36882353 0.36746356 0.36728866 0.36618291 0.36585450 0.36900503 0.36596538 0.36733745
0.36531671 0.36702853 0.36625725 0.36883939 0.37095538 0.36559810 0.36565616 0.37400864 0.36902077 0.36615842
0.36494587 0.36636883 0.36555223 0.36571908 0.36604210 0.36477142 0.36591960 0.36800850 0.36536580 0.36691234
0.36361144 0.36550013 0.36751499 0.36438562 0.36517815 0.36399404 0.36458180 0.36666075 0.36387159 0.36497420
0.36369035 0.36489792 0.36477862 0.36348894 0.36486042 0.36328565 0.36384497 0.36603458 0.36303181 0.36401721
0.36225669 0.36420751 0.36465449 0.36354340 0.36447347 0.36252793 0.36267243 0.36531172 0.36295190 0.36368040
0.36147247 0.36503632 0.36364331 0.36237921 0.36376524 0.36410967 0.36431468 0.36599847 0.36177564 0.36350215
0.36113719 0.36357606 0.36461149 0.36161357 0.36294090 0.36152485 0.36141094 0.36423164 0.36352167 0.36350286
0.36024113 0.36365438 0.36238750 0.36112398 0.36246639 0.36073751 0.36123586 0.36740260 0.36264152 0.36196742
0.36101248 0.36177395 0.36173243 0.36211467 0.36207745 0.36290079 0.36037467 0.36343849 0.36133772 0.36131648
0.35929754 0.36127927 0.36289602 0.36293738 0.36189275 0.35968568 0.36302012 0.36387428 0.36072442 0.36116387
0.36191807 0.36202483 0.36136149 0.35939363 0.36204712 0.36163851 0.35930723 0.36201338 0.35945228 0.36024737
0.35814768 0.36114298 0.36085352 0.35891684 0.36067127 0.35924577 0.35950794 0.36203819 0.35947615 0.36154390
0.35986756 0.35953150 0.36038540 0.35821918 0.35994595 0.35830742 0.35826786 0.36186064 0.35982767 0.36008180
0.35717380 0.35911278 0.36092894 0.35791523 0.36053027 0.35759430 0.35770697 0.36347813 0.35817271 0.35945237
0.35681473 0.35925186 0.35999646 0.35945995 0.36095238 0.35717411 0.35751055 0.36109245 0.36093348 0.35876521
0.35692601 0.35839250 0.35909334 0.35704486 0.35968290 0.35678213 0.35698323 0.36023374 0.35697512 0.35823451
0.35708955 0.35802869 0.35950730 0.35697360 0.35837395 0.35783578 0.35648739 0.35954782 0.35972898 0.35911812
0.35535598 0.35752424 0.35848316 0.35605074 0.35813478 0.35605927 0.35629833 0.35918200 0.35650401 0.35843306
0.35557580 0.35926134 0.35874693 0.35560527 0.35740171 0.35571332 0.35578630 0.36100742 0.35565482 0.35714229
0.35470361 0.35737868 0.36195917 0.35705809 0.35902165 0.35516180 0.35539706 0.35837452 0.35810042 0.35734387
0.35419990 0.35687575 0.36146806 0.35471743 0.35880728 0.35467703 0.35575015 0.35825906 0.35510902 0.35656147
0.35455444 0.35656060 0.35725887 0.35426936 0.35635736 0.35423462 0.35471218 0.35780409 0.35458393 0.35584222
0.35359567 0.35612185 0.35887209 0.35384021 0.35758091 0.35605565 0.35478953 0.35908914 0.35515102 0.35529629
0.35319450 0.35532421 0.35882669 0.35344553 0.35559924 0.35749473 0.35477098 0.35740224 0.35461378 0.35591321
0.35285607 0.35542680 0.35644309 0.35308736 0.35593999 0.35306325 0.35372852 0.35674705 0.35360112 0.35501039
0.35369589 0.35628029 0.35737320 0.35268176 0.35477328 0.35362264 0.35342779 0.35636488 0.35396185 0.35482299
0.35275288 0.35403574 0.35843275 0.35450398 0.35431409 0.35528740 0.35385435 0.35604129 0.35291404 0.35417993
0.35256915 0.35459971 0.35782363 0.35260284 0.35424358 0.35409032 0.35378501 0.35651113 0.35548385 0.35463442
0.35308873 0.35330759 0.35533083 0.35180680 0.35365336 0.35171603 0.35261758 0.35767086 0.35238144 0.35525798
0.35132677 0.35324252 0.35624532 0.35343181 0.35314932 0.35501270 0.35231733 0.35553524 0.35182118 0.35409657
0.35192120 0.35255753 0.35478285 0.35106856 0.35344590 0.35100059 0.36311835 0.35513633 0.35227975 0.35336186
0.35337682 0.35229250 0.35451624 0.35082451 0.35493542 0.35494581 0.35279128 0.35483522 0.35112413 0.35282652
0.35070283 0.35425972 0.35412957 0.35070231 0.35227400 0.35301256 0.35247618 0.35570832 0.35083911 0.35327348
0.35075928 0.35198700 0.35414485 0.35009327 0.35229623 0.35013689 0.35103302 0.35433943 0.35115236 0.35224226
0.35018906 0.35225212 0.35375672 0.34967895 0.35155919 0.34959209 0.35147068 0.35412419 0.35067898 0.35227592
0.34990631 0.35758329 0.35416337 0.34977777 0.35152312 0.34932652 0.35181555 0.35403799 0.35011048 0.35208490
0.35104998 0.35373753 0.35314463 0.34926648 0.35112317 0.35060175 0.35031371 0.35420752 0.35089338 0.35212176
0.35029365 0.35103893 0.35304625 0.35306065 0.35112362 0.34861630 0.35162299 0.35320900 0.34951881 0.35140947
0.35096657 0.35207409 0.35284230 0.34941724 0.35040772 0.34841928 0.35111218 0.35306878 0.35459960 0.35123979
0.34884386 0.35019729 0.35321096 0.34956241 0.35017037 0.34803280 0.35019628 0.35267955 0.35101279 0.35084988
0.34911878 0.34975914 0.35240226 0.34964679 0.34991643 0.34934192 0.34947578 0.36127437 0.35035103 0.35097962
0.34836611 0.35199916 0.35209630 0.35004580 0.35177266 0.34741348 0.34875608 0.35259119 0.34823057 0.34991390
0.34850289 0.34947177 0.35310602 0.34753624 0.35096558 0.34703631 0.34847499 0.35313086 0.34879393 0.35076317
0.34796656 0.34920635 0.35380509 0.34711274 0.35011267 0.34747027 0.34823640 0.35218977 0.34771877 0.34994926
0.34859991 0.35108445 0.35180384 0.34770467 0.35018963 0.34691540 0.34799163 0.35277162 0.35116014 0.34903184
0.34814180 0.34882001 0.35122896 0.34670761 0.35075709 0.34648293 0.34818458 0.35151316 0.35066470 0.34889855
0.34733785 0.35060404 0.35105040 0.34646329 0.34881340 0.34627720 0.34772210 0.35227410 0.34762584 0.34887254
0.34694535 0.34778597 0.35380848 0.34881141 0.34840337 0.34561309 0.34796783 0.35140655 0.34774039 0.34920696
0.34668820 0.35404554 0.35091508 0.34685915 0.34767602 0.34599108 0.34709589 0.35069585 0.34649036 0.34888485
0.34828119 0.34831404 0.35080468 0.34892508 0.34777524 0.34507000 0.34678976 0.35070800 0.34597815 0.34839630
0.34642267 0.34742611 0.35258152 0.34544278 0.34842952 0.34491961 0.34693795 0.35070753 0.34573967 0.34728044
0.34671828 0.34677245 0.35018116 0.34504706 0.35121474 0.34581221 0.34629628 0.35031794 0.34542955 0.34765185
0.34583335 0.34771019 0.35353235 0.34664955 0.34710909 0.34431003 0.34598950 0.35096932 0.34659199 0.34768375
0.34558732 0.34695139 0.35184652 0.34457757 0.34656639 0.34610232 0.34668453 0.35230366 0.34491938 0.34638333
0.34655622 0.34613284 0.34950330 0.34421770 0.34669222 0.34763755 0.34561430 0.34970220 0.34469491 0.34612425
0.34516195 0.34663446 0.34931938 0.34415109 0.34602400 0.34386013 0.34530749 0.34974540 0.34537255 0.34605753
0.34485016 0.34565745 0.35128584 0.34389852 0.34725088 0.34437135 0.34730305 0.34910918 0.34422035 0.34593145
0.34504591 0.34575889 0.34950016 0.34469322 0.34837605 0.34462836 0.34531645 0.35257792 0.34400712 0.34697553
0.34446379 0.34552247 0.34877070 0.34511180 0.34572379 0.34320619 0.34463021 0.34951014 0.34366712 0.34627506
0.34488458 0.34515774 0.35044460 0.34789663 0.34592603 0.34250948 0.34435875 0.34965490 0.34346958 0.34507802
0.34434197 0.34503842 0.34841227 0.34317708 0.34499573 0.34231249 0.34435787 0.34852340 0.34442953 0.34472875
0.34415679 0.34433076 0.35231247 0.34245564 0.34472186 0.34597036 0.34400697 0.34814410 0.34304480 0.34491414
0.34419715 0.34428296 0.34818060 0.34266462 0.34520227 0.34236292 0.34378043 0.34791101 0.34394589 0.34436578
0.34381288 0.34832765 0.34755421 0.34209057 0.34846189 0.34146165 0.34610044 0.34819885 0.34316494 0.34382872
0.34489881 0.34647766 0.34737105 0.34159598 0.34862428 0.34169714 0.34347935 0.34833782 0.34412960 0.34353182
0.34333519 0.34671962 0.34826381 0.34219085 0.34475499 0.34105585 0.34854839 0.34783136 0.34235204 0.34370025
0.34643050 0.34385936 0.34954054 0.34365338 0.34449520 0.34155344 0.34284105 0.34715840 0.34230277 0.34377835
0.34687586 0.34298747 0.34696072 0.34102799 0.34369903 0.34148022 0.34300215 0.34847870 0.34223609 0.34390250
0.34387861 0.34335750 0.35126697 0.34074643 0.34316034 0.34179876 0.34645196 0.34730082 0.34162208 0.34329806
0.34599173 0.34288322 0.34687306 0.34182974 0.34359293 0.34010545 0.34248461 0.34645867 0.34141356 0.34390719
0.34312644 0.34217275 0.34640048 0.34035669 0.34295470 0.34326264 0.34221307 0.34847395 0.34140523 0.34241389
0.34296137 0.34438839 0.34726836 0.33992591 0.34310417 0.33956873 0.34231413 0.34631674 0.34745711 0.34248612
0.34207137 0.34196192 0.34585716 0.33962579 0.34241964 0.33920290 0.34152785 0.34597868 0.34067649 0.34167642
0.34378548 0.34153140 0.34567338 0.33945533 0.34635696 0.34121177 0.34177496 0.34866025 0.34032157 0.34238479
0.34354122 0.34183186 0.35149564 0.33959068 0.34242671 0.33950227 0.34124760 0.34577791 0.33992498 0.34286766
0.34568327 0.34103222 0.34531005 0.33949333 0.34182519 0.33953997 0.34561789 0.34648167 0.33985486 0.34122770
0.34252202 0.34356482 0.34594979 0.33878254 0.34257176 0.33818267 0.34141641 0.34524457 0.34233324 0.34071689
0.34153769 0.34156211 0.34493478 0.33886320 0.34622360 0.33871222 0.34085497 0.34677975 0.33934528 0.34148369
0.34134196 0.34190866 0.35037967 0.33811178 0.34157090 0.33773510 0.34165246 0.34772397 0.33973830 0.34038037
0.34243086 0.34027380 0.34537575 0.33950939 0.34201238 0.33736681 0.34034662 0.34512127 0.33894053 0.34043235
0.34073073 0.34383355 0.34451667 0.33929538 0.34173970 0.33718239 0.34019683 0.34476738 0.33948711 0.33966085
0.34023268 0.34070215 0.34482268 0.33758337 0.34157773 0.33693079 0.34189927 0.34669217 0.33871973 0.33975653
0.34012452 0.34044052 0.34456918 0.33728823 0.34055836 0.33675275 0.33974445 0.34447867 0.33814971 0.33977428
0.34125232 0.33986162 0.34486131 0.33778162 0.34076535 0.33670375 0.33998557 0.34417587 0.34166490 0.33922828
0.33983565 0.34173115 0.34505475 0.34052706 0.34163402 0.33622024 0.33982722 0.34371824 0.33806415 0.33999636
0.33930645 0.33902032 0.34337280 0.33782230 0.34010210 0.33671076 0.33902903 0.34350137 0.34106136 0.33951935
0.34237563 0.34234020 0.34359928 0.33877631 0.34002600 0.33578613 0.33865023 0.34309797 0.33814226 0.33967975
0.34056380 0.33975150 0.34904320 0.33736366 0.34104389 0.33548776 0.33935325 0.34424236 0.33706975 0.33877718
0.33997325 0.33833774 0.35416922 0.33576327 0.34074750 0.33529815 0.33841259 0.34320235 0.33703157 0.33829556
0.33953090 0.33922151 0.34298804 0.33554588 0.34242229 0.33493907 0.33817506 0.34246952 0.33660703 0.33801783
0.33867386 0.33915877 0.34390865 0.33728577 0.33944816 0.33546054 0.33813388 0.34564242 0.33914014 0.33776508
0.33829517 0.33858508 0.34229033 0.33522997 0.34033633 0.33749844 0.34105664 0.34307368 0.33645351 0.33773649
0.33823996 0.33731743 0.34215160 0.33504286 0.34035115 0.33452747 0.33765373 0.34230319 0.33630730 0.33743327
0.34169337 0.34052231 0.34459769 0.33471336 0.33859158 0.33492618 0.33806113 0.34346706 0.33566980 0.33783864
0.33799115 0.33718315 0.34339905 0.33448555 0.33848972 0.33920254 0.33870008 0.34195905 0.33761644 0.33730853
0.33758406 0.33758243 0.34151242 0.33853252 0.33790023 0.33518651 0.34692299 0.34116583 0.33603836 0.33667360
0.34002361 0.33669496 0.34137753 0.33463262 0.33897782 0.33357692 0.33876806 0.34094781 0.33884127 0.33614436
0.33827957 0.33610369 0.34136447 0.33467046 0.33786832 0.33407399 0.33780216 0.34272873 0.33512550 0.33655061
0.33702311 0.33601722 0.34093686 0.33553687 0.33814026 0.33756339 0.33650211 0.34076776 0.33501564 0.33732757
0.34092696 0.33580052 0.34088318 0.33330357 0.34024537 0.33307291 0.33687108 0.34183726 0.33600167 0.33592197
0.33969906 0.33707048 0.34056138 0.33313579 0.33756485 0.33261375 0.33594542 0.34069202 0.33524144 0.33574561
0.33674312 0.33647065 0.34037379 0.33376813 0.33698766 0.33244366 0.33585815 0.34065607 0.33408393 0.33675728
0.33807850 0.33829634 0.34068262 0.33251223 0.33791466 0.33238215 0.33565633 0.33980610 0.33383031 0.33584035
0.33638711 0.33882730 0.34010383 0.33325747 0.33659754 0.33272811 0.33536026 0.34041334 0.33353609 0.33543747
