# pytorch neural network ReLU CrossEntropyLoss SGD:
#  unit=[40],batch=64,lr=1e-02,momentum=0.2,epoch=128
0.28145367 0.47623980 0.63692868 0.47503129 0.57240278 0.37485433 0.57917905 0.43014371 0.60416937 0.33471414
0.69722474 0.71008676 0.71677673 0.70978463 0.71448916 0.70840347 0.71427339 0.71073419 0.71345329 0.70286947
0.71940958 0.72532260 0.76162112 0.73222840 0.71975482 0.74211228 0.71966851 0.71940958 0.72264665 0.74140239
0.74962234 0.76818162 0.79481202 0.77340412 0.76865637 0.78380597 0.76481503 0.76282966 0.76615304 0.78140235
0.78751779 0.79990506 0.80672449 0.80029351 0.80150199 0.80085456 0.79904181 0.79351717 0.79321510 0.80129451
0.80059564 0.81039321 0.81112695 0.80866677 0.81211966 0.80935735 0.81013423 0.80745822 0.80681080 0.80936354
0.80888253 0.81453669 0.81453669 0.81276709 0.81660843 0.81311238 0.81358713 0.81220597 0.81151539 0.81380796
0.81224912 0.81708318 0.81574517 0.81496829 0.81846434 0.81388927 0.81669474 0.81483877 0.81488198 0.81592232
0.81578833 0.81798953 0.81673789 0.81570202 0.82006127 0.81665158 0.81906861 0.81621993 0.81790322 0.81622440
0.81729895 0.81898224 0.81898224 0.81794637 0.82083821 0.81755793 0.82019079 0.81816220 0.81967282 0.81885654
0.81824851 0.81971598 0.82066554 0.81885278 0.82234883 0.81880963 0.82105398 0.81958652 0.82057923 0.81920171
0.81993181 0.82122666 0.82135612 0.82001811 0.82260782 0.82057923 0.82247829 0.82062238 0.82148558 0.82127291
0.82105398 0.82148558 0.82286674 0.82096767 0.82355732 0.82178771 0.82247829 0.82144243 0.82372999 0.82200646
0.82178771 0.82286674 0.82433426 0.82165825 0.82360047 0.82308257 0.82347101 0.82269412 0.82433426 0.82308525
0.82342786 0.82377315 0.82420474 0.82269412 0.82407528 0.82381630 0.82455003 0.82299626 0.82455003 0.82343042
0.82338470 0.82407528 0.82489532 0.82364368 0.82506800 0.82506800 0.82524061 0.82463634 0.82537013 0.82394820
0.82459319 0.82429105 0.82614702 0.82493848 0.82623333 0.82485217 0.82606071 0.82493848 0.82614702 0.82528585
0.82532692 0.82593119 0.82752818 0.82498163 0.82619017 0.82502484 0.82778710 0.82597435 0.82701021 0.82580370
0.82670808 0.82619017 0.82795978 0.82558590 0.82662177 0.82623333 0.82852089 0.82623333 0.82761449 0.82576054
0.82631963 0.82644916 0.82877982 0.82619017 0.82787347 0.82696706 0.82899565 0.82744181 0.82791662 0.82623518
0.82701021 0.82722604 0.82830507 0.82696706 0.82916826 0.82744181 0.83020413 0.82765764 0.82912511 0.82731390
0.82696706 0.82821876 0.82929778 0.82843453 0.82856405 0.82713974 0.83050627 0.82821876 0.82929778 0.82800430
0.82895249 0.82813239 0.83059257 0.82873666 0.82921147 0.82774395 0.83201694 0.82912511 0.82990205 0.82925564
0.82942724 0.82947040 0.83132637 0.82882297 0.83020413 0.82882297 0.83201694 0.82972938 0.83089471 0.82903993
0.83003151 0.83050627 0.83184427 0.83054942 0.83059257 0.82869351 0.83266431 0.82955676 0.83119684 0.82934195
0.83059257 0.83098108 0.83188742 0.83119684 0.83063579 0.82972938 0.83279383 0.83016098 0.83145583 0.83007550
0.83124000 0.83136952 0.83266431 0.83111054 0.83227587 0.83011782 0.83305281 0.83141267 0.83115369 0.82985973
0.83180112 0.83171481 0.83270752 0.83240539 0.83218956 0.83054942 0.83357072 0.83171481 0.83231902 0.83137000
0.83210325 0.83227587 0.83167166 0.83309597 0.83218956 0.83089471 0.83344126 0.83162844 0.83309597 0.83119744
0.83253485 0.83283699 0.83326858 0.83197373 0.83214641 0.83162844 0.83344126 0.83249170 0.83292329 0.83080906
0.83275068 0.83374339 0.83318228 0.83266431 0.83266431 0.83206010 0.83352757 0.83249170 0.83300960 0.83197409
0.83352757 0.83348441 0.83391601 0.83326858 0.83391601 0.83214641 0.83447713 0.83288014 0.83395916 0.83227617
0.83374339 0.83352757 0.83408862 0.83344126 0.83365703 0.83253485 0.83447713 0.83283699 0.83460659 0.83253509
0.83443391 0.83348441 0.83452028 0.83370018 0.83352757 0.83288014 0.83542663 0.83370018 0.83400232 0.83322543
0.83469290 0.83421814 0.83417499 0.83348441 0.83421814 0.83344126 0.83564246 0.83339810 0.83477920 0.83352751
0.83404547 0.83413184 0.83559930 0.83370018 0.83400232 0.83270752 0.83490872 0.83395916 0.83555615 0.83387274
0.83551300 0.83447713 0.83512449 0.83477920 0.83439076 0.83400232 0.83594459 0.83404547 0.83443391 0.83370012
0.83503819 0.83503819 0.83503819 0.83443391 0.83434761 0.83400232 0.83603090 0.83404547 0.83585829 0.83365697
0.83525401 0.83490872 0.83542663 0.83581507 0.83447713 0.83413184 0.83650565 0.83439076 0.83590144 0.83460623
0.83559930 0.83529717 0.83572876 0.83542663 0.83434761 0.83434761 0.83633304 0.83413184 0.83637619 0.83460623
0.83564246 0.83503819 0.83538347 0.83512449 0.83426130 0.83477920 0.83654886 0.83378655 0.83525401 0.83477885
0.83693731 0.83663517 0.83512449 0.83685094 0.83421814 0.83456343 0.83667833 0.83434761 0.83616036 0.83495146
0.83551300 0.83516771 0.83577192 0.83620358 0.83503819 0.83538347 0.83689415 0.83555615 0.83646250 0.83521038
0.83663517 0.83551300 0.83551300 0.83715308 0.83508134 0.83534032 0.83728260 0.83590144 0.83633304 0.83486515
0.83672148 0.83594459 0.83529717 0.83732575 0.83512449 0.83577192 0.83780050 0.83594459 0.83650565 0.83482200
0.83650565 0.83641934 0.83611721 0.83628988 0.83490872 0.83628988 0.83780050 0.83529717 0.83611721 0.83568501
0.83680779 0.83581507 0.83633304 0.83706677 0.83628988 0.83667833 0.83771420 0.83577192 0.83667833 0.83624595
0.83719623 0.83598775 0.83698046 0.83771420 0.83637619 0.83680779 0.83792996 0.83637619 0.83650565 0.83637542
0.83741206 0.83710992 0.83646250 0.83771420 0.83620358 0.83736891 0.83827525 0.83641934 0.83676463 0.83611649
0.83723944 0.83719623 0.83637619 0.83831847 0.83663517 0.83771420 0.83849108 0.83676463 0.83818895 0.83654803
0.83762789 0.83762789 0.83685094 0.83827525 0.83693731 0.83844793 0.83775735 0.83702362 0.83775735 0.83650488
0.83857739 0.83749837 0.83680779 0.83814579 0.83693731 0.83857739 0.83818895 0.83762789 0.83780050 0.83728153
0.83905220 0.83732575 0.83676463 0.83784366 0.83624673 0.83913851 0.83840477 0.83797318 0.83758467 0.83723843
0.83844793 0.83857739 0.83628988 0.83974278 0.83741206 0.83887953 0.83926797 0.83715308 0.83818895 0.83749729
0.83853424 0.83788681 0.83628988 0.83887953 0.83685094 0.83918166 0.83909535 0.83749837 0.83823210 0.83758360
0.83762789 0.83758467 0.83797318 0.83922482 0.83685094 0.83935434 0.83892268 0.83831847 0.83857739 0.83766991
0.83840477 0.83913851 0.83715308 0.83931112 0.83732575 0.84000170 0.83948380 0.83853424 0.83883637 0.83857608
0.83866376 0.83965641 0.83805948 0.84008807 0.83771420 0.84000170 0.83935434 0.83857739 0.83853424 0.83823085
0.83909535 0.83896583 0.83840477 0.84017438 0.83680779 0.84051967 0.83982909 0.83801633 0.83948380 0.83853292
0.83991539 0.83926797 0.83741206 0.84082180 0.83792996 0.84129655 0.83948380 0.83780050 0.83879322 0.83909386
0.83995855 0.83982909 0.83857739 0.84090811 0.83844793 0.84159869 0.84026068 0.83844793 0.84013122 0.83870548
0.84060597 0.84030384 0.83823210 0.84116709 0.83818895 0.84103757 0.83995855 0.83810264 0.83974278 0.83982742
0.83957011 0.83961326 0.83853424 0.84116709 0.83797318 0.84103757 0.84008807 0.83913851 0.83926797 0.83961165
0.83978593 0.84056282 0.83922482 0.84211659 0.83831847 0.84254825 0.84056282 0.83844793 0.83991539 0.83952534
0.84125340 0.84047651 0.83909535 0.84017438 0.83784366 0.84332514 0.83991539 0.83831847 0.83965641 0.83896440
0.84047651 0.84138286 0.83900905 0.84159869 0.83810264 0.84306616 0.84008807 0.83875006 0.83995855 0.84081984
0.84151238 0.84116709 0.84008807 0.84194398 0.83810264 0.84436101 0.84064913 0.83879322 0.84034699 0.84012944
0.84082180 0.84121025 0.83926797 0.84116709 0.83892268 0.84375674 0.84155554 0.83887953 0.84177130 0.84025890
0.84133971 0.84155554 0.84051967 0.84172815 0.83857739 0.84379989 0.84133971 0.83887953 0.84017438 0.84077668
0.84190083 0.84142601 0.84008807 0.84254825 0.83952695 0.84522420 0.84198713 0.83931112 0.84108073 0.84081984
0.84133971 0.84168500 0.84090811 0.84211659 0.83892268 0.84418833 0.84133971 0.83969963 0.84246188 0.84073353
0.84185767 0.84155554 0.84095126 0.84384304 0.83926797 0.84526736 0.84203029 0.83922482 0.84198713 0.84146708
0.84250510 0.84164184 0.84073550 0.84319568 0.83931112 0.84531057 0.84237558 0.83883637 0.84116709 0.84215748
0.84155554 0.84207344 0.83969963 0.84319568 0.83969963 0.84526736 0.84159869 0.83957011 0.84138286 0.84211433
0.84246188 0.84297985 0.84108073 0.84276402 0.83974278 0.84466314 0.84185767 0.83931112 0.84207344 0.84297734
0.84276402 0.84328198 0.84077865 0.84392941 0.84004492 0.84569901 0.84224612 0.83965641 0.84250510 0.84185547
0.84375674 0.84276402 0.84168500 0.84405887 0.84000170 0.84582847 0.84272087 0.83982909 0.84293669 0.84336567
0.84276402 0.84345460 0.84125340 0.84418833 0.83991539 0.84651905 0.84285039 0.84056282 0.84293669 0.84271842
0.84336829 0.84272087 0.84129655 0.84513789 0.84056282 0.84608746 0.84280717 0.84017438 0.84310931 0.84366775
0.84371358 0.84358412 0.84185767 0.84513789 0.84099442 0.84565586 0.84323883 0.84095126 0.84323883 0.84440130
0.84332514 0.84427470 0.84220296 0.84552634 0.84056282 0.84656221 0.84259140 0.84004492 0.84250510 0.84371090
0.84341145 0.84371358 0.84151238 0.84453362 0.84198713 0.84729594 0.84310931 0.84064913 0.84418833 0.84453076
0.84354097 0.84461999 0.84341145 0.84522420 0.84090811 0.84669173 0.84328198 0.84112394 0.84280717 0.84509170
0.84349775 0.84505159 0.84272087 0.84483576 0.84198713 0.84621692 0.84427470 0.84039021 0.84492207 0.84470332
0.84474945 0.84587163 0.84267771 0.84630322 0.84164184 0.84768438 0.84328198 0.84146923 0.84440416 0.84530747
0.84384304 0.84500843 0.84306616 0.84669173 0.84224612 0.84708017 0.84392941 0.84112394 0.84449047 0.84526432
0.84496528 0.84535372 0.84358412 0.84574217 0.84233242 0.84837496 0.84410203 0.84168500 0.84431785 0.84478962
0.84492207 0.84578532 0.84414518 0.84621692 0.84250510 0.84656221 0.84341145 0.84142601 0.84556949 0.84655881
0.84492207 0.84535372 0.84418833 0.84591478 0.84341145 0.84798652 0.84397256 0.84198713 0.84548318 0.84612727
0.84461999 0.84613061 0.84354097 0.84634644 0.84237558 0.84846133 0.84401572 0.84159869 0.84604430 0.84621358
0.84509474 0.84682119 0.84384304 0.84742546 0.84388626 0.84837496 0.84379989 0.84172815 0.84526736 0.84565264
0.84466314 0.84720963 0.84375674 0.84677804 0.84388626 0.84889293 0.84535372 0.84241873 0.84574217 0.84586841
0.84531057 0.84729594 0.84496528 0.84768438 0.84345460 0.84897923 0.84483576 0.84293669 0.84673488 0.84651566
0.84539688 0.84669173 0.84341145 0.84716648 0.84392941 0.84884977 0.84492207 0.84220296 0.84630322 0.84664512
0.84617376 0.84613061 0.84509474 0.84807283 0.84440416 0.84889293 0.84522420 0.84302300 0.84699380 0.84707659
0.84695065 0.84777075 0.84500843 0.84690750 0.84453362 0.84859079 0.84505159 0.84328198 0.84746861 0.84647250
0.84608746 0.84772760 0.84505159 0.84833181 0.84479260 0.84902239 0.84509474 0.84332514 0.84651905 0.84655881
0.84626007 0.84794337 0.84526736 0.84742546 0.84436101 0.84962666 0.84548318 0.84345460 0.84729594 0.84664512
0.84677804 0.84777075 0.84500843 0.84854764 0.84556949 0.84910870 0.84569901 0.84237558 0.84690750 0.84733552
0.84733909 0.84820235 0.84539688 0.84772760 0.84535372 0.84876341 0.84544003 0.84272087 0.84790021 0.84785330
0.84664851 0.84889293 0.84496528 0.84828866 0.84552634 0.85027409 0.84479260 0.84328198 0.84733909 0.84660196
0.84695065 0.84811604 0.84630322 0.84859079 0.84474945 0.85027409 0.84621692 0.84319568 0.84768438 0.84811217
0.84720963 0.84923822 0.84522420 0.84880662 0.84522420 0.85014457 0.84496528 0.84293669 0.84781390 0.84750807
0.84863394 0.84893608 0.84518105 0.84889293 0.84682119 0.85036039 0.84690750 0.84410203 0.84811604 0.84793961
0.84802967 0.84876341 0.84608746 0.84841812 0.84656221 0.85031724 0.84613061 0.84293669 0.84872025 0.84850055
0.84755492 0.84971297 0.84617376 0.84966981 0.84630322 0.85057622 0.84643275 0.84349775 0.84859079 0.84824163
0.84742546 0.84949720 0.84669173 0.84872025 0.84682119 0.85044670 0.84725279 0.84358412 0.84850448 0.84884572
0.84729594 0.84988564 0.84647590 0.84936768 0.84600115 0.85031724 0.84660536 0.84379989 0.84932452 0.84901834
0.84746861 0.85001510 0.84677804 0.85079199 0.84690750 0.85105097 0.84656221 0.84405887 0.84867710 0.84884572
0.84811604 0.85040355 0.84595793 0.85014457 0.84647590 0.85130996 0.84651905 0.84427470 0.84923822 0.84953612
0.84893608 0.84988564 0.84725279 0.85027409 0.84777075 0.85152572 0.84777075 0.84449047 0.84880662 0.84867316
0.84984249 0.85001510 0.84725279 0.85023093 0.84716648 0.85023093 0.84790021 0.84496528 0.84928137 0.84932041
0.84820235 0.85048985 0.84764123 0.84992880 0.84751177 0.85118043 0.84833181 0.84427470 0.84936768 0.85035598
0.84824550 0.85001510 0.84293669 0.85066253 0.84613061 0.85182786 0.84811604 0.84526736 0.84941083 0.84949297
0.84893608 0.85083514 0.84790021 0.85070568 0.84785706 0.85126680 0.84902239 0.84591478 0.84984249 0.85108954
0.84954035 0.85113728 0.84751177 0.85092151 0.84638959 0.85135311 0.84841812 0.84591478 0.85079199 0.85005397
0.84807283 0.85087836 0.84794337 0.85048985 0.84755492 0.85243213 0.84833181 0.84617376 0.84884977 0.85091692
0.84867710 0.85165524 0.84764123 0.85057622 0.84785706 0.85225946 0.84867710 0.84595793 0.84997195 0.85070121
0.84928137 0.85130996 0.84824550 0.85148257 0.84854764 0.85208684 0.84897923 0.84518105 0.84997195 0.85083061
0.84893608 0.85118043 0.84802967 0.85165524 0.84833181 0.85295004 0.84971297 0.84720963 0.85083514 0.85117584
0.84923822 0.85200053 0.84772760 0.85182786 0.84807283 0.85260475 0.84876341 0.84608746 0.85083514 0.85083061
0.84966981 0.85169840 0.84841812 0.85325217 0.84919506 0.85174155 0.84988564 0.84608746 0.84945399 0.85100323
0.84850448 0.85260475 0.84837496 0.85325217 0.84889293 0.85282058 0.84988564 0.84634644 0.85109413 0.85165048
0.84997195 0.85295004 0.84893608 0.85286373 0.84880662 0.85230267 0.85023093 0.84729594 0.85066253 0.85121900
0.84945399 0.85204369 0.84872025 0.85320902 0.84936768 0.85273427 0.84962666 0.84677804 0.85074884 0.85165048
0.85023093 0.85286373 0.84841812 0.85234582 0.84979928 0.85256159 0.85001510 0.84630322 0.85161209 0.85208201
0.85018778 0.85182786 0.84876341 0.85295004 0.84992880 0.85312271 0.85031724 0.84755492 0.85118043 0.85212511
0.85044670 0.85225946 0.84820235 0.85260475 0.85130996 0.85338169 0.85031724 0.84630322 0.85225946 0.85247034
0.85010141 0.85329533 0.84915191 0.85316586 0.85014457 0.85338169 0.84992880 0.84790021 0.85269111 0.85311759
