# pytorch neural network ReLU CrossEntropyLoss Adam:
#  unit=[80, 20],batch=64,lr=1e-03,betas=(0.9, 0.999),eps=1e-08,decay=0.0,amsgrad=False,epoch=32
0.28369805 0.28339592 0.68643445 0.34848288 0.29824334 0.47386596 0.47900212 0.32366523 0.72510684 0.71710896
0.79787648 0.76045579 0.81017739 0.78255427 0.78410810 0.77789289 0.79753119 0.77038282 0.80227894 0.79464942
0.83672148 0.82938409 0.83439076 0.83313912 0.83210325 0.83128315 0.83503819 0.83093786 0.83309597 0.83231932
0.84220296 0.83503819 0.84423155 0.83836162 0.83784366 0.83939749 0.84017438 0.83628988 0.83767104 0.83572817
0.84906554 0.83883637 0.84647590 0.84315246 0.84151238 0.84310931 0.84552634 0.83905220 0.84121025 0.83909386
0.85804307 0.84582847 0.85398591 0.84910870 0.84682119 0.84897923 0.84923822 0.84297985 0.84578532 0.84220064
0.86214340 0.85126680 0.85627347 0.85342485 0.85044670 0.85027409 0.85424489 0.84798652 0.84984249 0.84793961
0.86620051 0.85571235 0.86028743 0.85722303 0.85679138 0.85549659 0.85838836 0.85122359 0.85411543 0.85341966
0.87263155 0.86037380 0.86404246 0.86084855 0.86024427 0.85955369 0.86184126 0.85562605 0.85739565 0.86019415
0.87854463 0.86317927 0.87081879 0.86481935 0.86335188 0.86542362 0.86628687 0.85981268 0.86253184 0.86494064
0.87776768 0.86848807 0.87474644 0.86831540 0.86909235 0.86771119 0.87021452 0.86417198 0.86857438 0.86809063
0.88234282 0.87116408 0.87737924 0.87133670 0.87055981 0.87422848 0.87513489 0.86710691 0.87297684 0.87262136
0.88605464 0.87604123 0.87755191 0.87340844 0.87466013 0.87742239 0.87668866 0.87081879 0.87548018 0.87408847
0.88924855 0.88065952 0.88113427 0.87832880 0.87932152 0.88204068 0.88130695 0.87362427 0.88186800 0.87939590
0.89291728 0.88229960 0.88484615 0.88342184 0.88242912 0.88475978 0.88217014 0.87660235 0.88324916 0.88125134
0.89511847 0.88752210 0.88765162 0.88583881 0.88639992 0.88614094 0.88639992 0.88078898 0.88704735 0.88444442
0.89611119 0.89032757 0.89058656 0.88851482 0.88795376 0.89127713 0.88860112 0.88510507 0.89080238 0.88819849
0.89956409 0.89140660 0.89477319 0.89123398 0.89300358 0.89339203 0.89274460 0.88855797 0.89390999 0.89061487
0.90262854 0.89537746 0.89818293 0.89460057 0.89455736 0.89667225 0.89559323 0.89201087 0.89555007 0.89372170
0.90431178 0.89801025 0.89887351 0.89658594 0.89744920 0.89624065 0.89697438 0.89395314 0.89990938 0.89708740
0.90655619 0.90059996 0.90016830 0.89973670 0.89887351 0.90042728 0.90116102 0.89813977 0.90016830 0.90010786
0.90936166 0.90206742 0.90146315 0.90124738 0.90318960 0.90349174 0.90198112 0.89818293 0.90517503 0.90269685
0.91000909 0.90508872 0.90530449 0.90327591 0.90694463 0.89900297 0.90211058 0.90224004 0.90409601 0.90437973
0.91199446 0.90646988 0.90763521 0.90832579 0.90629721 0.90741938 0.90608138 0.90478659 0.90685833 0.90688241
0.91419572 0.90737623 0.91039753 0.90910268 0.90508872 0.90962064 0.90728992 0.90823948 0.91147655 0.91003239
0.91290087 0.91143340 0.90931851 0.91108811 0.90987957 0.90966380 0.91031116 0.90953428 0.91126072 0.91231930
0.91635376 0.91233975 0.91164917 0.91328931 0.91363460 0.91259873 0.91108811 0.91294402 0.91449779 0.91322547
0.91946137 0.91462731 0.91281456 0.91354829 0.91631061 0.91389358 0.91285771 0.91195130 0.91773492 0.91689318
0.91963398 0.91488630 0.91622424 0.91885710 0.91816652 0.91622424 0.91385043 0.91540420 0.91864127 0.91706580
0.92313004 0.91782123 0.91786438 0.91833913 0.91678536 0.91820967 0.91639692 0.91946137 0.91967714 0.92038834
0.92222369 0.91777807 0.91911608 0.92036772 0.92032456 0.92010880 0.91825283 0.91997927 0.92304373 0.92215753
0.92334586 0.92123097 0.92192155 0.92330271 0.92101514 0.92140359 0.91838235 0.92179203 0.92205101 0.92254585
0.92507231 0.92343217 0.92420906 0.92455435 0.92502916 0.92269844 0.92110145 0.92313004 0.92541760 0.92487592
