# pytorch neural network ReLU CrossEntropyLoss Adam:
#  unit=[80, 20],batch=64,lr=1e-03,betas=(0.9, 0.999),eps=1e-08,decay=0.0,amsgrad=False,epoch=32
0.73348919 0.77483423 0.67293020 0.71707234 0.72317955 0.69634573 0.69390506 0.71863112 0.64288364 0.63106181
0.41362622 0.47718137 0.40389419 0.43769700 0.43015534 0.44111080 0.42198511 0.44950704 0.41011008 0.41323186
0.35531910 0.37145631 0.35857256 0.36152961 0.36166046 0.36366898 0.35845289 0.36655517 0.36384077 0.36315750
0.34365379 0.36117992 0.34885820 0.35774329 0.35258935 0.35535032 0.35008641 0.35660113 0.35167027 0.35382066
0.33243942 0.35097605 0.34041863 0.34708655 0.34748114 0.34691472 0.34143391 0.35145853 0.34427942 0.34735722
0.32082936 0.34304345 0.33365429 0.33806474 0.34143864 0.34184425 0.33410005 0.34437533 0.33776465 0.34115080
0.31157413 0.33607406 0.32569698 0.33338690 0.33466159 0.33320058 0.32723208 0.33670780 0.33124347 0.33534833
0.30415612 0.32753295 0.31849293 0.32603221 0.32706783 0.32558033 0.32155221 0.33096347 0.32657705 0.32815212
0.29505652 0.31989890 0.31074270 0.31847183 0.31958501 0.31801198 0.31173081 0.32478695 0.32030198 0.31907440
0.28798513 0.31268853 0.30355292 0.31239310 0.31236550 0.31328426 0.30515907 0.31719174 0.31105153 0.31149271
0.28280273 0.30521492 0.29629950 0.30487193 0.30524602 0.30594124 0.29885022 0.30941460 0.30322150 0.30366074
0.27376173 0.29691938 0.29050949 0.29998903 0.29962589 0.29650230 0.29175000 0.30200572 0.29685484 0.29722677
0.26727513 0.29113296 0.28746000 0.29402513 0.29199333 0.28868736 0.28605646 0.29543468 0.28878289 0.29086638
0.26073655 0.28417297 0.27873326 0.28519358 0.28366957 0.28247706 0.27901484 0.29014060 0.28169860 0.28352361
0.25597049 0.27738086 0.27515757 0.27849229 0.27835391 0.27608377 0.27400955 0.28228635 0.27461689 0.27765976
0.25066332 0.26991608 0.26934239 0.27172277 0.27046013 0.26995566 0.26798080 0.27461127 0.26777526 0.27090551
0.24567179 0.26474143 0.25951814 0.26550989 0.26508241 0.26402739 0.26270256 0.26908551 0.26061256 0.26511548
0.24030526 0.25904970 0.25372846 0.25815249 0.25891681 0.25905949 0.25673948 0.26239528 0.25549508 0.25895798
0.23541921 0.25253293 0.25000507 0.25363476 0.25409407 0.25423427 0.25185224 0.25761623 0.24943714 0.25459287
0.23143215 0.24739822 0.24494450 0.24877924 0.25073652 0.24979647 0.24903162 0.25097631 0.24442621 0.24753331
0.22820191 0.24014350 0.24106800 0.24206001 0.24561053 0.24130205 0.24077787 0.24581722 0.23788941 0.24120289
0.22337306 0.23678907 0.23557043 0.23809180 0.23734874 0.24209491 0.23815396 0.24130125 0.23294737 0.23603560
0.21959889 0.23127200 0.22912039 0.23220342 0.23167000 0.23864621 0.23148985 0.23539639 0.23236162 0.23142366
0.21593694 0.22684099 0.22517424 0.22697949 0.22870273 0.22807470 0.22838426 0.23098305 0.22679658 0.22593007
0.21751335 0.22368350 0.21908797 0.22274293 0.23132777 0.22447993 0.22315885 0.22446799 0.21820763 0.22021199
0.21022440 0.21697499 0.21836112 0.22079463 0.22083754 0.22116874 0.21926386 0.22090910 0.21594741 0.21599875
0.20521849 0.21265623 0.22044723 0.21567462 0.21547990 0.21606828 0.21505164 0.21734941 0.20824123 0.21172150
0.20235839 0.21339266 0.21427159 0.21140003 0.21000407 0.21378088 0.21299959 0.21445673 0.20380351 0.20569368
0.19864297 0.20654177 0.20415471 0.20559190 0.20606819 0.20938946 0.20791486 0.20778286 0.19964124 0.20337275
0.19414576 0.20275977 0.20163746 0.20291137 0.20687433 0.20398112 0.20283729 0.20337362 0.19647362 0.19821370
0.19284828 0.20074302 0.19633462 0.19817218 0.19958163 0.19939644 0.19993172 0.19897366 0.19126906 0.19374571
0.19112835 0.19439794 0.19446426 0.19409546 0.19603382 0.19703621 0.19683111 0.19536120 0.19051492 0.19079916
0.18854127 0.19018070 0.19013518 0.19113583 0.19210105 0.19297183 0.19333123 0.19224872 0.18746947 0.18705867
