# pytorch linear result:
# batch=64,lr=1e-02,epoch=32
0.59786785 0.42746773 0.52281064 0.48305926 0.40092364 0.36756009 0.57041734 0.48897234 0.39198929 0.30955771
0.72221506 0.69493723 0.71979803 0.71561140 0.70689285 0.69338340 0.72027278 0.69735420 0.70266306 0.70606256
0.74293238 0.72855973 0.74111962 0.73809832 0.73373902 0.73533601 0.73818463 0.73045880 0.73183995 0.73898596
0.76054209 0.75855666 0.76481503 0.76170743 0.75950623 0.75592387 0.75980836 0.75346369 0.75359315 0.75905073
0.77754760 0.77957618 0.77897191 0.77586430 0.77513057 0.77228194 0.77892876 0.77461261 0.77141869 0.77704424
0.78674090 0.79144549 0.78799260 0.78730202 0.78756094 0.78484184 0.78682721 0.78350383 0.78825152 0.78942823
0.79679745 0.79835123 0.79589105 0.79425097 0.79584789 0.79282659 0.79550260 0.79377615 0.79537314 0.79719526
0.80037981 0.80335796 0.80050927 0.80003452 0.80119985 0.79589105 0.79943025 0.80046612 0.80059564 0.80202806
0.80465275 0.80624974 0.80353057 0.80353057 0.80517071 0.80068195 0.80197680 0.80318528 0.80318528 0.80466020
0.80698347 0.80784667 0.80542970 0.80542970 0.80754459 0.80258101 0.80508441 0.80568862 0.80452329 0.80746496
0.80862361 0.80888253 0.80715609 0.80715609 0.80806249 0.80564547 0.80788988 0.80797619 0.80827832 0.80897516
0.80961633 0.81056583 0.80827832 0.80823517 0.80991840 0.80741507 0.80927104 0.80862361 0.80922782 0.81022656
0.81047952 0.81112695 0.80810565 0.81039321 0.81151539 0.80788988 0.80961633 0.81017739 0.81052268 0.81104636
0.81086797 0.81332815 0.80952996 0.81108379 0.81199014 0.80996156 0.81181753 0.81095427 0.81216282 0.81190938
0.81207651 0.81414819 0.81078166 0.81224912 0.81259441 0.81117010 0.81281024 0.81155854 0.81397557 0.81203884
0.81337130 0.81367344 0.81138593 0.81332815 0.81350082 0.81125641 0.81457984 0.81233543 0.81410503 0.81367856
0.81371659 0.81496829 0.81237859 0.81363028 0.81440717 0.81199014 0.81462300 0.81246495 0.81479561 0.81480044
0.81397557 0.81591785 0.81272388 0.81453669 0.81557256 0.81289655 0.81535673 0.81302601 0.81535673 0.81492990
0.81436402 0.81652206 0.81298286 0.81514090 0.81548619 0.81380290 0.81596100 0.81367344 0.81647891 0.81557715
0.81466615 0.81669474 0.81410503 0.81600416 0.81557256 0.81427771 0.81583148 0.81462300 0.81673789 0.81566346
0.81548619 0.81755793 0.81470931 0.81574517 0.81561571 0.81574517 0.81669474 0.81453669 0.81699687 0.81592232
0.81604731 0.81790322 0.81496829 0.81643575 0.81691051 0.81596100 0.81686735 0.81535673 0.81811905 0.81622440
0.81626314 0.81807590 0.81449348 0.81630629 0.81721264 0.81587464 0.81673789 0.81617677 0.81876647 0.81661272
0.81682420 0.81868011 0.81518406 0.81708318 0.81699687 0.81656522 0.81695366 0.81617677 0.81837803 0.81644011
0.81695366 0.81906861 0.81574517 0.81781691 0.81764424 0.81691051 0.81816220 0.81604731 0.81906861 0.81682849
0.81734216 0.81902540 0.81591785 0.81790322 0.81773061 0.81643575 0.81794637 0.81609046 0.81902540 0.81738943
0.81781691 0.81915492 0.81643575 0.81816220 0.81829166 0.81768745 0.81820536 0.81665158 0.81872332 0.81700110
0.81794637 0.81906861 0.81673789 0.81824851 0.81742847 0.81764424 0.81811905 0.81673789 0.81950021 0.81747574
0.81855065 0.81954336 0.81660843 0.81833482 0.81807590 0.81751478 0.81829166 0.81669474 0.81950021 0.81820929
0.81872332 0.81941390 0.81699687 0.81863695 0.81803274 0.81760108 0.81876647 0.81686735 0.81967282 0.81777775
0.81911176 0.81980234 0.81721264 0.81868011 0.81842119 0.81880963 0.81902540 0.81712633 0.81984550 0.81872708
0.81868011 0.81988865 0.81760108 0.81846434 0.81863695 0.81932753 0.81872332 0.81721264 0.82001811 0.81799352
0.81880963 0.81997496 0.81781691 0.81893909 0.81850749 0.81893909 0.81876647 0.81742847 0.82001811 0.81851131
