# pytorch linear result:
# batch=64,lr=1e-02,epoch=32
0.67670696 0.78209879 0.69376555 0.70558422 0.73840268 0.78429434 0.68894664 0.69814733 0.71998768 0.75052139
0.54346583 0.56116151 0.55000128 0.54582117 0.55320097 0.56694678 0.54069483 0.55845963 0.55694477 0.55681922
0.47778030 0.47971117 0.48211200 0.47488120 0.47690313 0.48300260 0.47589707 0.48688907 0.48062293 0.47664170
0.45260481 0.45522942 0.45810066 0.45293988 0.45338727 0.45617818 0.45328755 0.46345056 0.45608130 0.45314054
0.43965821 0.43967430 0.44312963 0.43809509 0.43855175 0.44156266 0.43849629 0.44504644 0.43933374 0.43933314
0.42858919 0.43016186 0.43232845 0.42925995 0.42860914 0.43274981 0.42831950 0.43430081 0.42845134 0.43032178
0.42014947 0.42292041 0.42663736 0.42067735 0.42310806 0.42316882 0.42398738 0.42716201 0.42082860 0.42188509
0.41795289 0.41885874 0.42058758 0.41588571 0.41759246 0.41789745 0.41609344 0.42066654 0.41563643 0.41746301
0.41205113 0.41678898 0.41588981 0.41184040 0.41454468 0.41505967 0.41218935 0.41616212 0.41329230 0.41254987
0.40797057 0.41116529 0.41903554 0.40845586 0.40896549 0.41160179 0.41420570 0.41301921 0.40787236 0.40927598
0.40545520 0.40739975 0.41027714 0.40741914 0.40677029 0.40773195 0.40635944 0.41059435 0.40505967 0.40713526
0.40494807 0.40754703 0.41050379 0.40487355 0.40446216 0.40605245 0.40639340 0.40802478 0.40436396 0.40471175
0.40228758 0.40443262 0.40608150 0.40255042 0.40314006 0.40399878 0.40263999 0.40691400 0.40371573 0.40283697
0.40175548 0.40859722 0.40601526 0.40746665 0.40122879 0.40358957 0.40074586 0.40462946 0.40133320 0.40151004
0.40181109 0.40242020 0.40351443 0.39960935 0.40024088 0.40257846 0.40076264 0.40527996 0.39844778 0.40020641
0.39857248 0.40050143 0.40192435 0.39826551 0.39988783 0.40024345 0.39907981 0.40184879 0.39675450 0.39896128
0.39673019 0.39836312 0.40079126 0.39803167 0.39784721 0.39900083 0.39697501 0.40233783 0.39863494 0.39801629
0.39584016 0.39725073 0.40168454 0.39739993 0.39787489 0.39786043 0.39591495 0.39951585 0.39638131 0.39740241
0.39546298 0.39819541 0.40058237 0.39663466 0.39648302 0.39713780 0.39606714 0.39842768 0.39392811 0.39590652
0.39600190 0.39658999 0.39809619 0.39468891 0.39540162 0.40114166 0.39482873 0.39813424 0.39471571 0.39598487
0.39355901 0.39793724 0.39843453 0.39387403 0.40061452 0.39649899 0.39443039 0.39809104 0.39331402 0.39566294
0.39452525 0.39622603 0.39671123 0.39540057 0.39500688 0.39480766 0.39280779 0.39708823 0.39648338 0.39426701
0.39969332 0.39450469 0.39608865 0.39371074 0.39396320 0.39420736 0.39286780 0.39607432 0.39097872 0.39410885
0.39248087 0.39315896 0.39711382 0.39304409 0.39412348 0.39443368 0.39322989 0.39490220 0.39114332 0.39297484
0.39136460 0.39259743 0.39526801 0.39401293 0.39261938 0.39599687 0.39161035 0.39503634 0.38969128 0.39186266
0.39061732 0.39366448 0.39596007 0.39106864 0.39224551 0.39300553 0.39624896 0.39906717 0.38924828 0.39254181
0.39017898 0.39439232 0.39435190 0.39072449 0.39556385 0.39202385 0.38984252 0.39344463 0.39726209 0.39144866
0.38965163 0.39083405 0.39323937 0.39128956 0.39176117 0.39164762 0.38935072 0.39366507 0.39154194 0.39048186
0.39069850 0.39036762 0.39480885 0.39004161 0.39336775 0.39385880 0.38954376 0.39259706 0.38941156 0.38970251
0.38906063 0.38999840 0.39390234 0.39200375 0.39080752 0.39065551 0.38840337 0.39210988 0.38833286 0.38997527
0.39080711 0.39013847 0.39277552 0.38892166 0.39073725 0.39157486 0.38803131 0.39163729 0.38727966 0.38890109
0.38873820 0.38922197 0.39150043 0.38878110 0.39030507 0.38993146 0.39249777 0.39357404 0.38876725 0.38890193
0.38772390 0.38899545 0.39145971 0.38830055 0.38976282 0.39078058 0.38775088 0.39240198 0.38835827 0.38839476
