# pytorch neural network ReLU CrossEntropyLoss SGD:
#  unit=[80, 20],batch=64,lr=1e-02,momentum=0.2,epoch=128
0.29798436 0.41106650 0.28188527 0.32331994 0.44667444 0.51374680 0.51655227 0.69398767 0.29172602 0.57600862
0.70309466 0.70952564 0.69959861 0.70594329 0.71289223 0.70982778 0.71198583 0.71526611 0.70559800 0.71559870
0.73555183 0.74168068 0.71539557 0.73352325 0.73783934 0.74193966 0.73896152 0.74073112 0.71798521 0.72211432
0.78505760 0.79166126 0.76826793 0.79602057 0.79576159 0.79511416 0.80197680 0.79938710 0.76058525 0.77635384
0.81060898 0.81043637 0.80465275 0.81151539 0.81138593 0.81082481 0.81470931 0.81281024 0.80400532 0.80901831
0.81647891 0.81457984 0.81462300 0.81617677 0.81470931 0.81725580 0.81880963 0.81820536 0.81237859 0.81635386
0.81941390 0.81962967 0.82006127 0.81872332 0.81798953 0.82010442 0.82126981 0.82105398 0.81639260 0.81859761
0.82148558 0.82088137 0.82178771 0.82114029 0.82148558 0.82316887 0.82230568 0.82196039 0.81919807 0.82118660
0.82321203 0.82239199 0.82360047 0.82286674 0.82398897 0.82476586 0.82364368 0.82467955 0.82101083 0.82343042
0.82537013 0.82385945 0.82442057 0.82381630 0.82528377 0.82627648 0.82524061 0.82627648 0.82260782 0.82442290
0.82783031 0.82528377 0.82537013 0.82558590 0.82675129 0.82778710 0.82701021 0.82679445 0.82377315 0.82670981
0.82998836 0.82688075 0.82631963 0.82601750 0.82757133 0.82869351 0.82748502 0.82882297 0.82580173 0.82895362
0.83007467 0.82783031 0.82726920 0.82726920 0.82856405 0.82908195 0.82955676 0.82869351 0.82744181 0.82908309
0.83149898 0.82895249 0.82735550 0.82761449 0.82908195 0.83050627 0.83003151 0.82929778 0.82813239 0.83158576
0.83218956 0.82990205 0.82925463 0.82839137 0.82951355 0.83041996 0.83253485 0.83098108 0.82852089 0.83128369
0.83231902 0.83145583 0.82856405 0.83041996 0.83076525 0.83098108 0.83193058 0.83149898 0.82921147 0.83331174
0.83326858 0.83223271 0.83085155 0.83098108 0.83167166 0.83275068 0.83357072 0.83128315 0.83011782 0.83288026
0.83352757 0.83300960 0.83214641 0.83050627 0.83136952 0.83292329 0.83292329 0.83348441 0.83067894 0.83451998
0.83482242 0.83408862 0.83231902 0.83218956 0.83288014 0.83370018 0.83434761 0.83482242 0.83171481 0.83490831
0.83521086 0.83413184 0.83266431 0.83257800 0.83426130 0.83572876 0.83434761 0.83447713 0.83236223 0.83624595
0.83590144 0.83439076 0.83266431 0.83361387 0.83434761 0.83503819 0.83482242 0.83482242 0.83322543 0.83529663
0.83598775 0.83456343 0.83218956 0.83452028 0.83464974 0.83508134 0.83499503 0.83529717 0.83292329 0.83654803
0.83628988 0.83594459 0.83322543 0.83464974 0.83607405 0.83568561 0.83624673 0.83534032 0.83331174 0.83689320
0.83719623 0.83663517 0.83326858 0.83516771 0.83594459 0.83805948 0.83667833 0.83641934 0.83318228 0.83702266
0.83836162 0.83693731 0.83408862 0.83512449 0.83702362 0.83611721 0.83607405 0.83633304 0.83344126 0.83758360
0.83805948 0.83667833 0.83452028 0.83585829 0.83728260 0.83758467 0.83771420 0.83654886 0.83370018 0.83766991
0.83931112 0.83762789 0.83400232 0.83659202 0.83805948 0.83749837 0.83693731 0.83715308 0.83421814 0.83766991
0.84008807 0.83788681 0.83382970 0.83762789 0.83935434 0.84056282 0.83801633 0.83788681 0.83443391 0.83935273
0.83982909 0.83788681 0.83585829 0.83715308 0.83939749 0.84064913 0.83944064 0.83849108 0.83400232 0.83991373
0.83931112 0.83780050 0.83637619 0.83944064 0.84056282 0.83974278 0.83961326 0.83862054 0.83521086 0.84034520
0.83974278 0.83935434 0.83672148 0.83926797 0.84008807 0.84108073 0.84069228 0.83823210 0.83473605 0.83926648
0.84116709 0.83961326 0.83672148 0.84069228 0.84000170 0.84138286 0.84069228 0.83974278 0.83529717 0.84172601
0.84172815 0.84021753 0.83719623 0.84008807 0.84026068 0.84297985 0.84146923 0.84077865 0.83598775 0.84271842
0.84220296 0.83892268 0.83745521 0.84039021 0.84069228 0.84349775 0.84293669 0.84008807 0.83650565 0.84185547
0.84310931 0.83991539 0.83918166 0.84133971 0.84112394 0.84280717 0.84254825 0.84133971 0.83745521 0.84194177
0.84345460 0.84017438 0.83870691 0.84103757 0.84250510 0.84500843 0.84306616 0.84138286 0.83736891 0.84280473
0.84418833 0.84142601 0.84004492 0.84302300 0.84276402 0.84505159 0.84367043 0.84203029 0.83805948 0.84435815
0.84483576 0.84215981 0.83982909 0.84172815 0.84336829 0.84535372 0.84410203 0.84349775 0.83788681 0.84375405
0.84544003 0.84164184 0.84013122 0.84358412 0.84379989 0.84595793 0.84474945 0.84233242 0.83900905 0.84453076
0.84578532 0.84246188 0.84164184 0.84474945 0.84457678 0.84664851 0.84595793 0.84319568 0.83827525 0.84453076
0.84664851 0.84349775 0.84116709 0.84522420 0.84427470 0.84651905 0.84574217 0.84276402 0.83952695 0.84487593
0.84850448 0.84241873 0.84285039 0.84613061 0.84505159 0.84686434 0.84539688 0.84444731 0.83900905 0.84608412
0.84802967 0.84405887 0.84289354 0.84608746 0.84565586 0.84906554 0.84725279 0.84414518 0.83965641 0.84604096
0.84772760 0.84375674 0.84354097 0.84712332 0.84794337 0.84876341 0.84820235 0.84500843 0.84090811 0.84647250
0.84941083 0.84392941 0.84358412 0.84751177 0.84651905 0.84854764 0.84824550 0.84513789 0.83978593 0.84677452
0.84932452 0.84518105 0.84509474 0.84772760 0.84716648 0.84889293 0.84824550 0.84595793 0.83952695 0.84694713
0.85130996 0.84643275 0.84440416 0.84729594 0.84837496 0.85044670 0.84984249 0.84569901 0.84151238 0.84742177
0.85096467 0.84617376 0.84556949 0.84729594 0.84777075 0.85061938 0.84971297 0.84768438 0.84263456 0.84819847
0.85156888 0.84729594 0.84578532 0.84872025 0.84962666 0.85031724 0.85023093 0.84673488 0.84259140 0.84975189
0.85200053 0.84725279 0.84660536 0.84988564 0.85057622 0.85182786 0.85001510 0.84815919 0.84276402 0.84936357
0.85355431 0.84837496 0.84755492 0.85005826 0.85014457 0.85286373 0.85161209 0.84820235 0.84332514 0.84940666
0.85277742 0.84837496 0.84794337 0.84949720 0.84979928 0.85273427 0.85018778 0.84716648 0.84379989 0.85044229
0.85307956 0.84954035 0.84755492 0.84949720 0.85053307 0.85329533 0.85100782 0.84884977 0.84492207 0.85018337
0.85519445 0.84932452 0.84790021 0.85139626 0.85100782 0.85338169 0.85182786 0.84893608 0.84410203 0.85173678
0.85459018 0.84915191 0.84893608 0.85208684 0.85113728 0.85230267 0.85109413 0.85057622 0.84479260 0.85186625
0.85588503 0.85061938 0.84962666 0.85191417 0.85156888 0.85394275 0.85295004 0.84954035 0.84544003 0.85203886
0.85541022 0.85143942 0.84997195 0.85174155 0.85299325 0.85502177 0.85329533 0.85014457 0.84556949 0.85238403
0.85635978 0.85213000 0.84932452 0.85277742 0.85238898 0.85532391 0.85467649 0.85118043 0.84556949 0.85337651
0.85575551 0.85174155 0.85092151 0.85247529 0.85282058 0.85541022 0.85221630 0.85130996 0.84574217 0.85221142
0.85610080 0.85316586 0.85191417 0.85251844 0.85420173 0.85428804 0.85480601 0.85074884 0.84552634 0.85359222
0.85700721 0.85415858 0.85269111 0.85428804 0.85364062 0.85506493 0.85459018 0.85036039 0.84742546 0.85264295
0.85791361 0.85377014 0.85333854 0.85450387 0.85506493 0.85752517 0.85471964 0.85169840 0.84682119 0.85324705
0.85666192 0.85446072 0.85256159 0.85437441 0.85519445 0.85657561 0.85653245 0.85316586 0.84686434 0.85359222
0.85787046 0.85398591 0.85377014 0.85519445 0.85657561 0.85877681 0.85579872 0.85286373 0.84768438 0.85514563
0.85843152 0.85506493 0.85307956 0.85536706 0.85515130 0.85735250 0.85592818 0.85355431 0.84833181 0.85480040
0.85808623 0.85584188 0.85450387 0.85528076 0.85653245 0.85817254 0.85709351 0.85295004 0.84906554 0.85518879
0.85925156 0.85644609 0.85143942 0.85661876 0.85666192 0.85743880 0.85623032 0.85351115 0.84910870 0.85557711
0.85907894 0.85653245 0.85389960 0.85592818 0.85670507 0.85860419 0.85774094 0.85329533 0.84910870 0.85626751
0.85834521 0.85666192 0.85389960 0.85605764 0.85730934 0.85851783 0.85765463 0.85502177 0.84992880 0.85661274
0.86080539 0.85748196 0.85515130 0.85670507 0.85838836 0.85860419 0.85705036 0.85441756 0.85074884 0.85738945
0.85998535 0.85929477 0.85579872 0.85752517 0.85838836 0.86024427 0.85860419 0.85320902 0.85066253 0.85773462
0.86024427 0.85644609 0.85666192 0.85713667 0.85864735 0.85847467 0.85873365 0.85497862 0.85018778 0.85790724
0.86007166 0.85890627 0.85670507 0.85769778 0.85881996 0.85860419 0.85933793 0.85441756 0.85079199 0.85782093
0.86097801 0.85964006 0.85713667 0.85743880 0.85955369 0.86037380 0.86046010 0.85489231 0.85135311 0.85881341
0.86093485 0.85985583 0.85709351 0.85972637 0.86076224 0.86063272 0.85916525 0.85618716 0.85161209 0.85946065
0.86205703 0.86037380 0.85705036 0.85851783 0.86123699 0.85938108 0.86033064 0.85536706 0.85286373 0.86015105
0.86197072 0.86046010 0.85743880 0.85964006 0.85994214 0.86132330 0.86089170 0.85618716 0.85307956 0.85976267
0.86235917 0.86197072 0.85890627 0.85968322 0.86115068 0.86179811 0.86097801 0.85618716 0.85290688 0.86058253
0.86322242 0.86270446 0.85968322 0.85964006 0.86106437 0.86175495 0.86166859 0.85605764 0.85476285 0.86015105
0.86222970 0.86197072 0.86020112 0.86227286 0.86050326 0.86240232 0.86050326 0.85536706 0.85463333 0.86118662
0.86274761 0.86296344 0.85998535 0.85985583 0.86110753 0.86218655 0.86171174 0.85717988 0.85389960 0.86084145
0.86244553 0.86292028 0.85955369 0.86149597 0.86162543 0.86140966 0.86179811 0.85812938 0.85519445 0.86196333
0.86356771 0.86309290 0.86119384 0.86054641 0.86322242 0.86210024 0.86244553 0.85890627 0.85536706 0.86183387
0.86473304 0.86456043 0.85834521 0.86184126 0.86266130 0.86374032 0.86274761 0.85894948 0.85467649 0.86355984
0.86525100 0.86434460 0.86300659 0.86115068 0.86468989 0.86417198 0.86430144 0.85739565 0.85532391 0.86256742
0.86348140 0.86628687 0.86162543 0.86248869 0.86425829 0.86395615 0.86283398 0.85976952 0.85463333 0.86399138
0.86356771 0.86512148 0.86274761 0.86339504 0.86494887 0.86304975 0.86404246 0.86145282 0.85502177 0.86286950
0.86499202 0.86663216 0.86283398 0.86283398 0.86434460 0.86546677 0.86326557 0.86071908 0.85648930 0.86528587
0.86650264 0.86732274 0.86408561 0.86326557 0.86494887 0.86628687 0.86460358 0.86046010 0.85717988 0.86381876
0.86693424 0.86576891 0.86304975 0.86391300 0.86555308 0.86529416 0.86559629 0.85951054 0.85692090 0.86429340
0.86581206 0.86736590 0.86317927 0.86486256 0.86745220 0.86697745 0.86555308 0.86115068 0.85834521 0.86507010
0.86490571 0.86844492 0.86309290 0.86563945 0.86598474 0.86779749 0.86585522 0.86179811 0.85838836 0.86468178
0.86758167 0.86831540 0.86317927 0.86443090 0.86645949 0.86667532 0.86680478 0.86231601 0.85856098 0.86653721
0.86809963 0.86727953 0.86430144 0.86512148 0.86732274 0.86602789 0.86520779 0.86201388 0.85838836 0.86683929
0.86740905 0.86995554 0.86516464 0.86654580 0.86758167 0.86391300 0.86749536 0.86253184 0.86033064 0.86683929
0.86827224 0.86973971 0.86481935 0.86762482 0.86840177 0.86866069 0.86792696 0.86391300 0.85981268 0.86632144
0.86831540 0.86969656 0.86443090 0.86723638 0.86771119 0.86827224 0.86753851 0.86279082 0.85994214 0.86731392
0.86939442 0.86999869 0.86538047 0.86702061 0.86844492 0.86844492 0.86745220 0.86352456 0.85998535 0.86778855
0.86956710 0.87073243 0.86594158 0.86671847 0.86559629 0.87017137 0.86732274 0.86477619 0.85894948 0.86908305
0.86935127 0.87021452 0.86650264 0.86710691 0.86822909 0.86948079 0.86758167 0.86386985 0.85972637 0.86843580
0.86801332 0.87055981 0.86702061 0.86797011 0.87008500 0.86973971 0.86900598 0.86417198 0.86046010 0.86951458
0.87030083 0.87120724 0.86831540 0.86848807 0.87030083 0.87103456 0.86973971 0.86550993 0.86248869 0.86973029
0.86775434 0.87189782 0.86835861 0.86822909 0.87060297 0.87125039 0.86818594 0.86460358 0.86222970 0.86891049
0.86879021 0.87133670 0.86788380 0.86857438 0.87012821 0.87232941 0.87034398 0.86645949 0.86227286 0.87076592
0.87194097 0.87125039 0.86715007 0.86961025 0.87146616 0.86978292 0.87155253 0.86766803 0.86240232 0.87011868
0.87168199 0.87263155 0.86827224 0.87133670 0.87241572 0.87215674 0.87051666 0.86589837 0.86253184 0.87046385
0.87137985 0.87267470 0.86866069 0.87137985 0.87142301 0.87025768 0.87155253 0.86697745 0.86425829 0.87158579
0.87263155 0.87047350 0.86818594 0.87129354 0.87185466 0.87254518 0.87207043 0.86663216 0.86326557 0.87132686
0.87375373 0.87379688 0.86926496 0.87038714 0.87276101 0.87366742 0.87289047 0.86598474 0.86395615 0.87218988
0.87176830 0.87388319 0.86913550 0.86594158 0.87293369 0.87336528 0.87271786 0.86801332 0.86507833 0.87244874
0.87232941 0.87345159 0.87017137 0.87047350 0.87314945 0.87310630 0.87353790 0.86706376 0.86611420 0.87197411
0.87466013 0.87470329 0.86961025 0.87353790 0.87371057 0.87379688 0.87353790 0.86930811 0.86589837 0.87180150
0.87487590 0.87500542 0.87073243 0.87146616 0.87323576 0.87336528 0.87384003 0.86904913 0.86602789 0.87335491
0.87336528 0.87552333 0.87021452 0.87362427 0.87340844 0.87418532 0.87327898 0.86900598 0.86529416 0.87370008
0.87332213 0.87612760 0.87133670 0.87371057 0.87396955 0.87608445 0.87327898 0.86874706 0.86667532 0.87218988
0.87535071 0.87617075 0.86883336 0.87340844 0.87379688 0.87573916 0.87457377 0.86965340 0.86745220 0.87413162
0.87453061 0.87599808 0.87137985 0.87366742 0.87405586 0.87642974 0.87604123 0.87030083 0.86814278 0.87499464
0.87504858 0.87768137 0.86835861 0.87392634 0.87681818 0.87694764 0.87638652 0.87155253 0.86788380 0.87607336
0.87418532 0.87815619 0.87155253 0.87427163 0.87591177 0.87556648 0.87543702 0.87077558 0.86736590 0.87426108
0.87366742 0.87837195 0.87237257 0.87491906 0.87642974 0.87686133 0.87504858 0.87125039 0.86784065 0.87538296
0.87599808 0.87802666 0.87297684 0.87504858 0.87660235 0.87772453 0.87655920 0.87241572 0.86853123 0.87615967
0.87565279 0.87940782 0.87319261 0.87552333 0.87560964 0.87729293 0.87612760 0.86874706 0.86891967 0.87585759
0.87634337 0.87794036 0.87211359 0.87522119 0.87694764 0.87828565 0.87535071 0.87202728 0.86935127 0.87533981
0.87569594 0.87893307 0.87366742 0.87750876 0.87716347 0.87962365 0.87664551 0.87241572 0.86874706 0.87685007
0.87729293 0.87910569 0.87276101 0.87569594 0.87642974 0.87841511 0.87630022 0.87293369 0.87099141 0.87702262
0.87737924 0.87880355 0.87461692 0.87625706 0.87746561 0.87617075 0.87832880 0.87401271 0.86982608 0.87762678
0.87716347 0.87975311 0.87440115 0.87591177 0.87737924 0.87919199 0.87755191 0.87392634 0.86995554 0.87779933
0.87802666 0.87927836 0.87297684 0.87742239 0.87746561 0.87992579 0.87686133 0.87271786 0.87068927 0.87732470
0.87794036 0.88113427 0.87345159 0.87806982 0.87863094 0.87837195 0.88009840 0.87496221 0.87133670 0.87874866
