# pytorch neural network ReLU CrossEntropyLoss SGD:
#  unit=[80, 20],batch=64,lr=1e-02,momentum=0.2,epoch=128
0.71791069 0.70364110 0.72524330 0.71479992 0.69671589 0.70806545 0.69314816 0.67595568 0.72042811 0.68956356
0.59280685 0.56623518 0.57746021 0.57101707 0.56539386 0.57628293 0.55925301 0.55909949 0.58318680 0.57624749
0.49446329 0.47319819 0.49643357 0.47545010 0.47440068 0.47521948 0.46424803 0.46884184 0.50350688 0.49453738
0.43377031 0.42472168 0.43877801 0.42092063 0.42652122 0.42093780 0.41957896 0.42555327 0.44469000 0.43762666
0.40272055 0.40365754 0.40955781 0.40111733 0.40430247 0.40025432 0.39655849 0.40132315 0.41331649 0.40966503
0.39205634 0.39557630 0.39731151 0.39254996 0.39472345 0.39297261 0.38849938 0.40305047 0.39750961 0.39704736
0.38566546 0.38862885 0.39243666 0.38690814 0.38969164 0.38599485 0.38469726 0.38864051 0.39165516 0.39001842
0.38128124 0.38398628 0.38937442 0.38388882 0.38483439 0.38345519 0.37984685 0.38453605 0.38625701 0.38449895
0.37852993 0.38123160 0.38446164 0.37934195 0.38017012 0.38096492 0.37656653 0.38150086 0.38347274 0.38127321
0.37535193 0.37763659 0.38186336 0.37652744 0.37761232 0.37690652 0.37379380 0.37743450 0.38117428 0.37655168
0.37740626 0.37491387 0.38135278 0.37439597 0.37504135 0.37403688 0.37281044 0.37513864 0.37871131 0.37510872
0.37156344 0.37310955 0.37638091 0.37288635 0.37275276 0.37087550 0.36983701 0.37523510 0.37633394 0.37138219
0.36796516 0.37065671 0.37444172 0.36990632 0.37794995 0.37047681 0.36791378 0.37107942 0.37475049 0.36906317
0.36597268 0.36899241 0.37252126 0.36763507 0.37503294 0.36707520 0.36543127 0.36945707 0.37088602 0.36705290
0.36533532 0.36757275 0.37179835 0.36576329 0.36745167 0.36516638 0.36342367 0.36791924 0.37111618 0.36537458
0.36310540 0.36564652 0.37191830 0.36494891 0.36624522 0.36379376 0.36233884 0.37091153 0.36904576 0.36381804
0.36142570 0.36525333 0.36829493 0.37168627 0.36376471 0.36265433 0.36045306 0.36626339 0.36778727 0.36166337
0.36029401 0.36303590 0.36747135 0.36186691 0.36233662 0.36084436 0.35950235 0.36528514 0.36619723 0.36161643
0.35856510 0.36139412 0.36559389 0.36100109 0.36094006 0.36014614 0.36540167 0.36241703 0.36324388 0.36001932
0.35806752 0.36026525 0.36536608 0.35891822 0.36015689 0.35793286 0.35815417 0.36136574 0.36147362 0.35867453
0.35666095 0.35901559 0.36322628 0.35742798 0.35841948 0.35694720 0.35648867 0.36128532 0.36066042 0.35752068
0.35559092 0.35876518 0.36205306 0.35652774 0.35797709 0.35617818 0.35517393 0.36021949 0.35936047 0.35596583
0.35462349 0.35756557 0.36140014 0.36484332 0.35760666 0.35545352 0.35297032 0.35843589 0.35786456 0.35569125
0.35598279 0.35589677 0.36121753 0.35560472 0.35527154 0.35937022 0.35203947 0.35785173 0.35700995 0.35468460
0.35328372 0.35630541 0.35925720 0.35334457 0.35730032 0.35351786 0.35179155 0.35754222 0.35608885 0.35351151
0.35363069 0.35414802 0.35828176 0.35360588 0.35487163 0.35228259 0.35119892 0.35651389 0.35542814 0.35319419
0.35118746 0.35310567 0.35743729 0.35270418 0.35265617 0.35165621 0.34935544 0.35463961 0.35488496 0.35153674
0.35074776 0.35221557 0.35644879 0.35157503 0.35213658 0.34961723 0.34853057 0.35373880 0.35359593 0.35120043
0.34932649 0.35353087 0.35549062 0.35033296 0.35089506 0.35116698 0.34822388 0.35365892 0.35310966 0.35052010
0.34839185 0.35099034 0.35483063 0.34955968 0.34984256 0.35213519 0.34700767 0.36027172 0.35297541 0.34984955
0.34827166 0.34978680 0.35548013 0.34916748 0.34968684 0.34851283 0.34605441 0.35550039 0.35216342 0.34879353
0.34696934 0.34915089 0.35459348 0.34971364 0.34831011 0.34754929 0.34610484 0.35214247 0.35430137 0.34838349
0.34744775 0.35063519 0.35281801 0.34880280 0.34874093 0.34536855 0.34473106 0.35064062 0.35273407 0.34730398
0.34558731 0.34783354 0.35189628 0.34739126 0.34685134 0.34441541 0.34428376 0.34977395 0.34987291 0.34674843
0.34851892 0.34790108 0.35171337 0.34601925 0.34648219 0.34412949 0.34304998 0.34953338 0.34862027 0.34627218
0.34541506 0.34619654 0.35035985 0.34533810 0.34545731 0.34293425 0.34281422 0.34842268 0.34879877 0.34529556
0.34401969 0.34763506 0.35042493 0.34613590 0.34509544 0.34346562 0.34151317 0.34792555 0.34810363 0.34524064
0.34327736 0.34532888 0.34863415 0.34434326 0.34452099 0.34190646 0.34103672 0.34758915 0.34686428 0.34403947
0.34212397 0.34412191 0.34990418 0.34414319 0.34335263 0.34147136 0.34031022 0.34640487 0.35534237 0.34519764
0.34140115 0.34395721 0.34787680 0.34467362 0.34490282 0.34018285 0.34070989 0.35156408 0.34674622 0.34394550
0.34235321 0.34373335 0.34647268 0.34436574 0.34299520 0.33958391 0.33918776 0.35142570 0.34524581 0.34229896
0.34039704 0.34275951 0.34740159 0.34280424 0.34670749 0.33868077 0.34153094 0.34648580 0.34459928 0.34196403
0.34012226 0.34673032 0.34538086 0.34207755 0.34181484 0.33794832 0.33886292 0.34481239 0.34445328 0.34115943
0.33893570 0.34231287 0.34528708 0.34022870 0.33963240 0.33737899 0.33734904 0.34648848 0.34447778 0.34049091
0.33775635 0.34005978 0.34559566 0.33990354 0.33906832 0.33649104 0.33665999 0.34375533 0.34909786 0.34097954
0.33733762 0.33970171 0.34357810 0.33927698 0.34063388 0.33615094 0.33618171 0.34231875 0.34527552 0.33992106
0.33773072 0.33875110 0.34246317 0.34101081 0.33802636 0.33662768 0.33581305 0.34273855 0.34385220 0.33983750
0.33660680 0.33809042 0.34239055 0.33890770 0.33720549 0.33440850 0.33997627 0.34102303 0.34131054 0.33814198
0.33675856 0.34055353 0.34110388 0.33837122 0.33663054 0.33384805 0.33451655 0.34266629 0.34129310 0.33771342
0.33493614 0.33769749 0.34134775 0.33968116 0.33608217 0.33371246 0.33386938 0.34022419 0.34059421 0.33704525
0.33426112 0.33635230 0.34089303 0.33723467 0.33530065 0.33458386 0.33686609 0.34090084 0.34015860 0.33680768
0.33349513 0.33568774 0.33928440 0.33644309 0.33596978 0.33376563 0.33457306 0.34050383 0.33938172 0.33663748
0.33267956 0.33530814 0.33975885 0.33576738 0.33461849 0.33143053 0.33495035 0.33844276 0.34424971 0.33601011
0.33240773 0.33425323 0.33986906 0.33548705 0.33489406 0.33283482 0.33322005 0.33732510 0.34004556 0.33520643
0.33163231 0.33413786 0.33824290 0.33492758 0.33313763 0.33283844 0.33172168 0.33651295 0.33818439 0.33435627
0.33213382 0.33443838 0.33670776 0.33389578 0.33288992 0.33007711 0.32998315 0.33776447 0.33755413 0.33345681
0.33105010 0.33261475 0.33712615 0.33359506 0.33168131 0.32884953 0.33238060 0.33588206 0.33748970 0.33314954
0.33025699 0.33271707 0.33541199 0.33445913 0.33682726 0.32917473 0.33267978 0.33550512 0.33746224 0.33258793
0.33243090 0.33334576 0.33773375 0.33260988 0.33294850 0.32758809 0.32918666 0.33448455 0.33644663 0.33186772
0.32866621 0.33501074 0.33514243 0.33246376 0.32983231 0.32713000 0.32768114 0.33490159 0.33667116 0.33115148
0.32776665 0.32981331 0.33432341 0.33128326 0.32933204 0.32574980 0.32718222 0.33527424 0.33900587 0.33128749
0.32713272 0.32875606 0.33321316 0.33229365 0.32845489 0.32527877 0.32744667 0.33493874 0.33553133 0.33133918
0.32769128 0.32914992 0.33232194 0.33150325 0.32786450 0.32490877 0.32866646 0.33314885 0.33455999 0.32931112
0.32800986 0.32884456 0.33207646 0.32985786 0.32757038 0.32444993 0.32822684 0.33514822 0.33397429 0.32933233
0.32628010 0.32706669 0.33116308 0.33040862 0.32628507 0.32334398 0.32515039 0.33112072 0.33427919 0.32848226
0.32532449 0.32638888 0.33172669 0.33009668 0.32599413 0.32301922 0.32520777 0.33059116 0.33314241 0.32935219
0.32535352 0.32522022 0.33611850 0.32914771 0.32741989 0.32330637 0.32316015 0.32970242 0.33261935 0.32735338
0.32787182 0.32596060 0.33078716 0.32794792 0.32644272 0.32138964 0.32287476 0.32914458 0.33221647 0.32688742
0.32303532 0.32523574 0.32945731 0.32777375 0.32408146 0.32295966 0.33150193 0.32850363 0.33200312 0.32603201
0.32173284 0.32311398 0.32848500 0.32618896 0.32346965 0.32047651 0.32436606 0.33388025 0.33167990 0.32534812
0.32265786 0.32234310 0.32872416 0.32615487 0.32271565 0.33400999 0.32082115 0.33671998 0.33214595 0.32467440
0.32194282 0.32552036 0.32730199 0.32516570 0.32211750 0.32419716 0.32006324 0.33214669 0.33042372 0.32479704
0.32028604 0.32204265 0.32630344 0.32681102 0.32673738 0.31925169 0.32034864 0.32724129 0.33147255 0.32459123
0.31931982 0.32139545 0.32590959 0.32535341 0.32322419 0.31777975 0.31933527 0.32694731 0.32924477 0.32398142
0.31919744 0.31952004 0.32774103 0.32571490 0.32035007 0.31818701 0.31854811 0.32539287 0.33052535 0.32257703
0.31889737 0.31882953 0.32695355 0.32321735 0.32016182 0.31648841 0.31851831 0.32570127 0.32875269 0.32212008
0.31740337 0.31817082 0.32405657 0.32363827 0.32015360 0.31569562 0.31953375 0.32426756 0.32883218 0.32102373
0.31646650 0.31781582 0.32353172 0.32480363 0.31938750 0.31606314 0.31775994 0.32331243 0.32968908 0.32004861
0.31605040 0.31670533 0.32394898 0.32205470 0.32401365 0.31469024 0.31589425 0.32916337 0.32863543 0.31933395
0.31717339 0.31675212 0.32350652 0.32051246 0.32273978 0.31309928 0.31557612 0.32565636 0.32922208 0.31973444
0.31766124 0.31646792 0.32352967 0.31977674 0.31776333 0.31580504 0.31433597 0.32178421 0.32834974 0.31949555
0.31581448 0.31577744 0.32171550 0.32060217 0.31635522 0.31486722 0.31414479 0.32155749 0.32674910 0.31801455
0.31364979 0.31402937 0.32366674 0.31912422 0.31573168 0.31199553 0.31382284 0.32065344 0.32527528 0.31788189
0.31288898 0.31373347 0.32229529 0.31815859 0.31445806 0.31102674 0.31246219 0.32227286 0.32481888 0.31650977
0.31231924 0.31301348 0.32049606 0.31757089 0.31391679 0.31068583 0.31349966 0.32106524 0.32409711 0.31613613
0.31568197 0.31411369 0.31905449 0.31676967 0.31315292 0.31283776 0.31217912 0.31849102 0.32371578 0.31531614
0.31219768 0.31249357 0.31797815 0.31993052 0.31364872 0.31097290 0.31179887 0.31792923 0.32336610 0.31437985
0.31003516 0.31053055 0.31714220 0.31710122 0.31383035 0.30862279 0.31261291 0.31734719 0.32283435 0.31384260
0.30955445 0.30930148 0.31740863 0.31531188 0.31247022 0.30722403 0.30983909 0.31639707 0.32260388 0.31388182
0.30843307 0.30904504 0.31699816 0.31429382 0.31106053 0.30667471 0.30908734 0.31792008 0.32297094 0.31215351
0.31121445 0.30815384 0.32003787 0.31378571 0.31001488 0.30573867 0.30963380 0.31637805 0.32467888 0.31172432
0.30969152 0.30729692 0.31615253 0.31267265 0.30990609 0.30541632 0.30840969 0.31498821 0.32120360 0.31230189
0.30706640 0.30734204 0.31486439 0.31248595 0.31207312 0.30725111 0.30854355 0.31459534 0.32019049 0.31108610
0.30608403 0.30620048 0.31376505 0.31233057 0.30951923 0.31062713 0.30760323 0.31330470 0.32096712 0.30981306
0.30570764 0.30570551 0.31344055 0.31102623 0.30812964 0.32059393 0.30628942 0.31296878 0.31881217 0.30946360
0.30520020 0.30452303 0.31392389 0.31035736 0.31031383 0.30395082 0.30580446 0.31393030 0.32024642 0.30871937
0.30455656 0.30461216 0.31212910 0.31049824 0.30778766 0.30341017 0.30492929 0.31360573 0.32477053 0.30788954
0.30365845 0.30331980 0.31206403 0.31265973 0.31961590 0.30246896 0.30667071 0.31121010 0.32037945 0.30991240
0.30326080 0.30350126 0.31125423 0.31203558 0.31591033 0.30249868 0.30591119 0.31167996 0.32136274 0.30686758
0.30543614 0.30285073 0.31101439 0.31724737 0.30624197 0.30192942 0.30319509 0.31146982 0.31923478 0.30606673
0.30390210 0.30108984 0.30988207 0.31072696 0.30462983 0.29983970 0.30279302 0.30936499 0.31791959 0.30485986
0.30511153 0.30070745 0.30905155 0.31182228 0.30416483 0.29989740 0.30201200 0.31003310 0.31607712 0.30516551
0.30625849 0.30103223 0.30811762 0.31303811 0.30326899 0.29910697 0.30198347 0.30947640 0.31500099 0.30510376
0.30153981 0.30206782 0.30793280 0.30928127 0.30294696 0.29974746 0.30105997 0.30800459 0.31415353 0.30369942
0.29916945 0.29940037 0.30702171 0.30622361 0.30246126 0.29982863 0.30182299 0.30734437 0.31374145 0.30317583
0.29956336 0.29823872 0.30722865 0.30680670 0.30245836 0.30125042 0.30094211 0.30644328 0.31349802 0.30206630
0.29830520 0.30316866 0.30845131 0.30609873 0.30103810 0.29958891 0.29910719 0.30721765 0.31265409 0.30237046
0.29661853 0.30390973 0.30680881 0.30437196 0.30084425 0.29486984 0.29882166 0.30760895 0.31192843 0.30079302
0.29690278 0.29599174 0.30593277 0.30785933 0.29941138 0.29451044 0.29805567 0.30542380 0.31129265 0.30041931
0.29626430 0.29646510 0.30457482 0.32469126 0.29909252 0.29412458 0.29833411 0.30351232 0.31087245 0.29994149
0.29647080 0.29707892 0.30410639 0.30516179 0.29829474 0.29258090 0.29735206 0.30328961 0.31037540 0.29893394
0.29512364 0.29608363 0.30394297 0.30108362 0.30203804 0.29255951 0.29678289 0.30268101 0.30978983 0.29830418
0.29428450 0.29324771 0.30702262 0.30053866 0.29863906 0.29311273 0.29600856 0.30343924 0.31187096 0.29755291
0.29543119 0.29562094 0.30216401 0.30009134 0.29902032 0.29209163 0.29637079 0.30143359 0.31073857 0.29736315
0.29443930 0.29330020 0.30425150 0.29883961 0.29683076 0.29072213 0.29528621 0.30092264 0.30826816 0.29666761
0.29288436 0.29100172 0.30181518 0.29804817 0.29767327 0.29047115 0.29394993 0.30030555 0.30785850 0.29518120
0.29214353 0.29029514 0.30612643 0.29841203 0.29724573 0.28941540 0.29328160 0.29896904 0.30729432 0.29446855
0.29258228 0.29075427 0.30573843 0.29810284 0.29445654 0.28870005 0.29276832 0.29825356 0.30702029 0.29454569
0.29465034 0.29069239 0.29907196 0.29660137 0.29385756 0.28852790 0.29216370 0.29782594 0.30625456 0.29457910
0.29534480 0.28829046 0.29831981 0.29619466 0.29314971 0.28697701 0.29197592 0.29813639 0.30534398 0.29373777
0.29168175 0.28757094 0.29744917 0.29539845 0.29281820 0.28803029 0.29082698 0.30159161 0.30516302 0.29295760
0.28945078 0.28921125 0.29895474 0.29462134 0.29246931 0.28770507 0.29185107 0.29873507 0.30437138 0.29288771
0.29239219 0.28782314 0.30359546 0.29418784 0.29139608 0.28594812 0.29134554 0.29720040 0.30601767 0.29180090
0.29116040 0.28660060 0.29659511 0.29290793 0.29103375 0.28552829 0.28998447 0.29679505 0.30366415 0.29093750
0.28848870 0.28518663 0.29499893 0.29253286 0.29116363 0.28626421 0.28895414 0.29370522 0.30407838 0.29043721
0.28949680 0.28476593 0.29463522 0.29206415 0.28964993 0.28922974 0.28788217 0.29321275 0.30236873 0.28993692
0.28693505 0.28316790 0.29535349 0.29135270 0.29146240 0.28286078 0.28776397 0.29939948 0.30156507 0.28887617
0.28584709 0.28282196 0.29720358 0.29083059 0.29009759 0.28444607 0.28726413 0.29448459 0.30075760 0.28931408
0.28740485 0.28202545 0.29542894 0.28963407 0.28829822 0.28635446 0.28678696 0.29134655 0.30303688 0.28798561
