# pytorch linear classifier ReLU CrossEntropyLoss SGD:
#  batch=64,lr=1e-02,momentum=0.0,epoch=64
0.58371097 0.57930857 0.38620570 0.52527082 0.74414086 0.58798397 0.47110364 0.52699727 0.56804353 0.52207118
0.71116579 0.72281927 0.70391470 0.71651775 0.73594028 0.71880531 0.69571412 0.71479130 0.71228796 0.70312840
0.72773963 0.73913419 0.73952264 0.74263024 0.74875909 0.73084724 0.72605640 0.73343694 0.73706245 0.72867316
0.75096035 0.76330441 0.76170743 0.75639862 0.76792264 0.76179379 0.75048554 0.76136214 0.76274329 0.75253505
0.76913118 0.77936035 0.77961934 0.77487159 0.78138894 0.77849716 0.77586430 0.78052568 0.77836764 0.77717370
0.78160471 0.79049593 0.78833789 0.78773361 0.79209286 0.78963268 0.78764731 0.79157495 0.78838104 0.79076594
0.79023695 0.79701322 0.79602057 0.79446673 0.79666793 0.79740173 0.79416460 0.79878289 0.79532999 0.79797196
0.79494154 0.80158836 0.80158836 0.80007768 0.80059564 0.80167466 0.79986191 0.80387586 0.80098408 0.80336571
0.79999137 0.80473912 0.80370325 0.80435061 0.80361688 0.80357373 0.80426431 0.80560231 0.80383271 0.80664510
0.80145884 0.80806249 0.80672449 0.80547285 0.80698347 0.80607706 0.80586129 0.80793303 0.80555916 0.80893207
0.80409169 0.80901206 0.80914152 0.80788988 0.80896890 0.80741507 0.80728561 0.80866677 0.80892575 0.80957931
0.80469590 0.81013423 0.81009108 0.81030685 0.81073850 0.80935735 0.81035006 0.81052268 0.80965948 0.81126213
0.80650872 0.81026369 0.81099743 0.81009108 0.81199014 0.81026369 0.81138593 0.81168801 0.81129956 0.81221145
0.80763090 0.81104064 0.81138593 0.81186068 0.81268072 0.81173122 0.81147224 0.81173122 0.81255126 0.81354910
0.80797619 0.81302601 0.81341445 0.81272388 0.81380290 0.81237859 0.81375974 0.81306916 0.81315553 0.81359226
0.80801934 0.81393242 0.81397557 0.81350082 0.81423455 0.81380290 0.81401873 0.81393242 0.81276709 0.81415319
0.80944365 0.81483877 0.81475246 0.81380290 0.81574517 0.81375974 0.81483877 0.81496829 0.81453669 0.81462783
0.81030685 0.81570202 0.81445032 0.81466615 0.81552935 0.81539989 0.81565887 0.81509775 0.81552935 0.81579286
0.81129956 0.81527042 0.81514090 0.81501144 0.81609046 0.81518406 0.81656522 0.81565887 0.81561571 0.81613809
0.81255126 0.81626314 0.81527042 0.81496829 0.81617677 0.81539989 0.81660843 0.81587464 0.81643575 0.81622440
0.81134272 0.81695366 0.81518406 0.81561571 0.81665158 0.81600416 0.81686735 0.81609046 0.81673789 0.81678534
0.81311238 0.81660843 0.81539989 0.81617677 0.81665158 0.81596100 0.81704003 0.81639260 0.81751478 0.81725997
0.81311238 0.81729895 0.81574517 0.81591785 0.81686735 0.81686735 0.81837803 0.81660843 0.81760108 0.81760520
0.81319869 0.81729895 0.81548619 0.81621993 0.81691051 0.81742847 0.81798953 0.81682420 0.81790322 0.81812298
0.81449348 0.81811905 0.81609046 0.81665158 0.81729895 0.81773061 0.81833482 0.81699687 0.81764424 0.81816614
0.81505460 0.81837803 0.81639260 0.81656522 0.81738532 0.81738532 0.81824851 0.81729895 0.81859380 0.81859761
0.81457984 0.81893909 0.81660843 0.81721264 0.81751478 0.81747162 0.81833482 0.81751478 0.81880963 0.81889969
0.81544304 0.81906861 0.81665158 0.81790322 0.81803274 0.81764424 0.81876647 0.81829166 0.81919807 0.81889969
0.81609046 0.81880963 0.81712633 0.81773061 0.81850749 0.81820536 0.81906861 0.81811905 0.81859380 0.81920171
0.81514090 0.81954336 0.81747162 0.81811905 0.81842119 0.81798953 0.81906861 0.81868011 0.81902540 0.81933117
0.81630629 0.81971598 0.81721264 0.81803274 0.81893909 0.81798953 0.81971598 0.81859380 0.81958652 0.82002157
0.81639260 0.81962967 0.81773061 0.81798953 0.81876647 0.81863695 0.82027709 0.81859380 0.81932753 0.81946063
0.81686735 0.81967282 0.81764424 0.81807590 0.81889594 0.81855065 0.82040656 0.81842119 0.81941390 0.82002157
0.81725580 0.81988865 0.81755793 0.81829166 0.81911176 0.81889594 0.82027709 0.81846434 0.81962967 0.81984895
0.81708318 0.82019079 0.81786007 0.81846434 0.81855065 0.81937069 0.82014763 0.81868011 0.81941390 0.82049620
0.81781691 0.82044971 0.81850749 0.81863695 0.81924123 0.81950021 0.82001811 0.81893909 0.81984550 0.81984895
0.81786007 0.81975919 0.81794637 0.81876647 0.81889594 0.81962967 0.82062238 0.81906861 0.82036340 0.82036680
0.81764424 0.82023394 0.81824851 0.81880963 0.81893909 0.81919807 0.82083821 0.81950021 0.82010442 0.82015103
0.81760108 0.82014763 0.81850749 0.81898224 0.81919807 0.81993181 0.82057923 0.81941390 0.82049292 0.82023734
0.81786007 0.82044971 0.81885278 0.81911176 0.81971598 0.81980234 0.82088137 0.82032025 0.82088137 0.82049620
0.81781691 0.82070869 0.81863695 0.81906861 0.81954336 0.81988865 0.82109714 0.82010442 0.82075185 0.82040995
0.81829166 0.82057923 0.81945705 0.81919807 0.81941390 0.81993181 0.82165825 0.81971598 0.82053608 0.82062566
0.81837803 0.82088137 0.81906861 0.81928438 0.81971598 0.82001811 0.82152879 0.82070869 0.82135612 0.82088459
0.81846434 0.82079500 0.81958652 0.81945705 0.82027709 0.82027709 0.82174456 0.82040656 0.82126981 0.82045305
0.81898224 0.82101083 0.81975919 0.81954336 0.82019079 0.82049292 0.82196039 0.82036340 0.82139927 0.82097089
0.81876647 0.82083821 0.81962967 0.81988865 0.82040656 0.82001811 0.82144243 0.82036340 0.82183087 0.82101405
0.81876647 0.82079500 0.81950021 0.82001811 0.82044971 0.81980234 0.82122666 0.82053608 0.82144243 0.82088459
0.81937069 0.82096767 0.81962967 0.82023394 0.82049292 0.82010442 0.82200354 0.82057923 0.82174456 0.82114345
0.81941390 0.82114029 0.81950021 0.82036340 0.82075185 0.82036340 0.82213300 0.82092452 0.82196039 0.82088459
0.81962967 0.82139927 0.81937069 0.82006127 0.82053608 0.82079500 0.82247829 0.82088137 0.82161510 0.82105720
0.81954336 0.82148558 0.81971598 0.82027709 0.82126981 0.82079500 0.82252145 0.82122666 0.82161510 0.82118660
0.81967282 0.82096767 0.81967282 0.82040656 0.82101083 0.82062238 0.82290995 0.82126981 0.82204670 0.82101405
0.81980234 0.82183087 0.82014763 0.82040656 0.82066554 0.82165825 0.82273728 0.82157195 0.82239199 0.82135922
0.81967282 0.82170141 0.82032025 0.82083821 0.82131296 0.82148558 0.82338470 0.82144243 0.82204670 0.82122976
0.82001811 0.82191724 0.82101083 0.82131296 0.82139927 0.82187408 0.82334155 0.82170141 0.82183087 0.82122976
0.81975919 0.82200354 0.82062238 0.82096767 0.82139927 0.82131296 0.82290995 0.82183087 0.82196039 0.82192016
0.82010442 0.82204670 0.81997496 0.82131296 0.82178771 0.82157195 0.82316887 0.82196039 0.82273728 0.82192016
0.82032025 0.82191724 0.82057923 0.82131296 0.82183087 0.82221937 0.82321203 0.82213300 0.82295310 0.82209277
0.82066554 0.82213300 0.82079500 0.82131296 0.82200354 0.82234883 0.82342786 0.82213300 0.82265097 0.82217908
0.82053608 0.82230568 0.82062238 0.82191724 0.82230568 0.82226253 0.82364368 0.82247829 0.82256466 0.82230854
0.82049292 0.82256466 0.82118350 0.82183087 0.82252145 0.82243514 0.82351416 0.82187408 0.82282358 0.82274002
0.82044971 0.82208985 0.82101083 0.82178771 0.82252145 0.82234883 0.82334155 0.82247829 0.82355732 0.82261056
0.82062238 0.82252145 0.82066554 0.82278043 0.82278043 0.82260782 0.82377315 0.82234883 0.82364368 0.82256740
0.82131296 0.82265097 0.82062238 0.82178771 0.82269412 0.82256466 0.82403213 0.82247829 0.82334155 0.82304209
0.82114029 0.82243514 0.82096767 0.82178771 0.82303941 0.82252145 0.82420474 0.82217616 0.82338470 0.82269686
