# pytorch linear classifier ReLU CrossEntropyLoss SGD:
#  batch=64,lr=1e-02,momentum=0.0,epoch=64
0.68770530 0.68662250 0.72520787 0.68532406 0.63378431 0.67516418 0.70992493 0.69364438 0.67408409 0.69439138
0.55232853 0.54589389 0.56057972 0.54964106 0.52560433 0.54718717 0.56175645 0.54741623 0.54934028 0.54930489
0.48798434 0.47667848 0.48160607 0.47933605 0.47015221 0.48016588 0.48524422 0.47777176 0.48357063 0.47970633
0.46160119 0.45426042 0.45588768 0.45396291 0.44839897 0.45693681 0.45960987 0.45693042 0.45694573 0.45667322
0.44501002 0.43875177 0.44026577 0.43884587 0.43692398 0.43990044 0.44117518 0.43971551 0.44281796 0.44065458
0.43531492 0.42979609 0.42968321 0.42842939 0.42731438 0.43107144 0.43132316 0.42960122 0.43031333 0.43036381
0.42859863 0.42137021 0.42369282 0.42242208 0.42030054 0.42297350 0.42284174 0.42303794 0.42380869 0.42239899
0.42108910 0.41679965 0.41836104 0.41587356 0.41854283 0.41669889 0.41784732 0.41908574 0.41691616 0.41737491
0.41671902 0.41744322 0.41251743 0.41369962 0.41305981 0.41377235 0.41287079 0.41464646 0.41259946 0.41362546
0.41424361 0.40913691 0.41053065 0.40830472 0.40907172 0.40964233 0.40834956 0.41211004 0.41031350 0.40948118
0.41291668 0.40697163 0.40803715 0.40565930 0.40744888 0.40721361 0.41063754 0.40905561 0.40766417 0.40808227
0.40807095 0.40847395 0.40492845 0.40379549 0.40480896 0.40492390 0.40684945 0.40595028 0.40948817 0.40500875
0.40609828 0.40288164 0.40339843 0.40177490 0.40371861 0.40454654 0.40209240 0.40625699 0.40496864 0.40339770
0.40444460 0.40143316 0.40180955 0.40019014 0.40154210 0.40149253 0.40017943 0.40265257 0.40054541 0.40099992
0.40293253 0.40095755 0.40161788 0.40067077 0.40102037 0.40034979 0.40099204 0.40149865 0.39936649 0.39991626
0.40256336 0.39981796 0.40093831 0.39773599 0.39926749 0.39928729 0.39945619 0.40044658 0.39785259 0.39883502
0.40025126 0.39806054 0.39845392 0.39762645 0.39887807 0.39880223 0.39837736 0.39954710 0.39694254 0.39796316
0.40017298 0.40036676 0.39761317 0.39593042 0.39835764 0.39766081 0.39893505 0.39845716 0.39733653 0.39732035
0.39981507 0.39699971 0.39944829 0.39547802 0.39746745 0.39598634 0.39494466 0.39779709 0.39606106 0.39679150
0.39834267 0.39544879 0.39836517 0.39719758 0.39956535 0.39524347 0.39402477 0.39692686 0.39476487 0.39518160
0.39650346 0.39546743 0.39545439 0.39486253 0.39602134 0.39449638 0.39447411 0.39605998 0.39445689 0.39473302
0.39745678 0.39427346 0.39541244 0.39394974 0.39518785 0.39451079 0.39486223 0.40318131 0.39243430 0.39536278
0.39569600 0.39502226 0.39423770 0.39217482 0.39402454 0.39320814 0.39223351 0.39494037 0.39180978 0.39279111
0.39439134 0.39293092 0.39573914 0.39165091 0.39297119 0.39796934 0.39614235 0.39468076 0.39172722 0.39221633
0.39678595 0.39572438 0.39332790 0.39372756 0.39312250 0.39335215 0.39099392 0.39444312 0.39142722 0.39189966
0.39313628 0.39302964 0.39290237 0.39181681 0.39199492 0.39152685 0.39120486 0.39662025 0.39032437 0.39130869
0.39284665 0.39138087 0.39488239 0.39211430 0.39140326 0.39107405 0.38994485 0.39414849 0.39311693 0.39024852
0.39396109 0.39086268 0.39300292 0.38984462 0.39185329 0.39134579 0.38936285 0.39314473 0.38937622 0.38980353
0.39226853 0.39072723 0.39153226 0.39101691 0.39357531 0.39114482 0.39015955 0.39187743 0.38967882 0.38969909
0.39207145 0.39042537 0.39108182 0.38902943 0.39171241 0.39120432 0.39093621 0.39149618 0.38820650 0.38904294
0.39059239 0.39095778 0.39053801 0.38858240 0.38975221 0.38948361 0.38818248 0.39261826 0.38761826 0.38906558
0.39120845 0.39062934 0.39249309 0.38834239 0.39310403 0.39180309 0.38811253 0.39115150 0.38815020 0.38978356
0.39059178 0.39053129 0.39056700 0.38778567 0.38901334 0.38890628 0.38836667 0.39370048 0.38696286 0.38808629
0.38964376 0.38957547 0.39042590 0.38800021 0.39018756 0.39017073 0.38781080 0.39121939 0.38662429 0.38763738
0.38922590 0.38830069 0.38933409 0.38809032 0.38927243 0.38811199 0.38675622 0.38993612 0.38807787 0.38767931
0.38887964 0.39540173 0.38981567 0.38728253 0.39153093 0.38927257 0.38642994 0.38943552 0.38577319 0.38702276
0.38831756 0.38781865 0.39235952 0.38746216 0.38862035 0.38811238 0.38715730 0.39066618 0.38588628 0.38660493
0.39079393 0.38758116 0.38853234 0.38651724 0.38768929 0.38835003 0.38890634 0.38937157 0.38648224 0.38648295
0.38809240 0.39007108 0.38843011 0.38610697 0.38710558 0.38758336 0.38631927 0.39057653 0.38593931 0.38743326
0.38857293 0.38945168 0.39138354 0.38604324 0.38689259 0.38806622 0.38744496 0.39055050 0.38465060 0.38598434
0.38808111 0.38673340 0.38765408 0.38558385 0.38671321 0.38690204 0.38808792 0.39078573 0.38764960 0.38570168
0.38678941 0.38820725 0.38806343 0.38600089 0.38663273 0.38607076 0.38551209 0.39250030 0.38666589 0.38498096
0.38641635 0.38655845 0.38720202 0.38541011 0.38689708 0.38660747 0.39076288 0.38763597 0.38451558 0.38465802
0.38846176 0.38706526 0.38697680 0.38595407 0.38894974 0.38667904 0.38475495 0.38805906 0.38617799 0.38535828
0.38617151 0.38775702 0.38825247 0.38457363 0.38570174 0.38609114 0.38463229 0.38730323 0.38400861 0.38424221
0.38560038 0.38578465 0.38661389 0.38518585 0.39119596 0.38504323 0.38450706 0.38739241 0.38410399 0.38429313
0.38606117 0.38540692 0.38700038 0.38563091 0.38561401 0.38663306 0.38383546 0.38801521 0.38888174 0.38403505
0.38512821 0.38597874 0.38631424 0.38404041 0.38569191 0.38769263 0.38334633 0.38718683 0.38288787 0.38474863
0.38517822 0.38492946 0.38592228 0.38402684 0.38515288 0.38449175 0.38352527 0.38652304 0.38374054 0.38355470
0.38545836 0.38545877 0.38767977 0.38376039 0.38549009 0.38443746 0.38377639 0.38921129 0.38274536 0.38311667
0.38577744 0.38894697 0.38866428 0.38369006 0.38513848 0.38465014 0.38346745 0.38613391 0.38354380 0.38316997
0.38889515 0.38457644 0.38660847 0.38603525 0.38814676 0.38386275 0.38323923 0.39356335 0.38192026 0.38351778
0.38422936 0.38430041 0.38525057 0.38421643 0.38506028 0.38450606 0.38370280 0.38569385 0.38172270 0.38318395
0.38389841 0.38503621 0.39849851 0.38339554 0.38838925 0.38356200 0.38301441 0.38551615 0.38153187 0.38298587
0.38429565 0.38505301 0.38498209 0.38296435 0.38453372 0.38367703 0.38203372 0.38530296 0.38148279 0.38276547
0.38373662 0.38969500 0.38535524 0.38268059 0.38374890 0.38365943 0.38424381 0.38518450 0.38169859 0.38244783
0.38406997 0.38370498 0.38540940 0.38497007 0.38570730 0.38414183 0.38169236 0.38940914 0.38164080 0.38293405
0.38457014 0.38447660 0.38445886 0.38245642 0.38335830 0.38308594 0.38337774 0.38498082 0.38149363 0.38241562
0.38379466 0.38444996 0.38458473 0.38359073 0.38314828 0.38286737 0.38614911 0.38765011 0.38097008 0.38219013
0.38276650 0.38401708 0.38488203 0.38273593 0.38478194 0.38294148 0.38128267 0.38794409 0.38097784 0.38231877
0.38267649 0.38306605 0.38420059 0.38199133 0.38294555 0.38543333 0.38193083 0.38459637 0.38224408 0.38209280
0.38315038 0.38308930 0.38412564 0.38201465 0.38360860 0.38256786 0.38107965 0.38501407 0.38380185 0.38235893
0.38577981 0.38279456 0.38387268 0.38244347 0.38266568 0.38314317 0.38218498 0.38986949 0.38337289 0.38133256
0.38868749 0.38265978 0.38370650 0.38165566 0.38254142 0.38208751 0.38126687 0.38418465 0.38242380 0.38287481
0.38419741 0.38408551 0.38357268 0.38150865 0.38237650 0.38496340 0.38060612 0.38395059 0.38446578 0.38103094
