# pytorch neural network ReLU CrossEntropyLoss Adam:
#  unit=[80, 20],batch=64,lr=1e-03,betas=(0.9, 0.999),eps=1e-08,decay=0.0,amsgrad=False,epoch=64
0.70076331 0.67861072 0.70154226 0.68990032 0.69079677 0.65615269 0.67447354 0.71059745 0.63851351 0.65331721
0.40841000 0.44656570 0.44936621 0.43902094 0.44775960 0.43891452 0.44984292 0.46875792 0.44295456 0.43743771
0.35247581 0.37129340 0.37378265 0.37095942 0.36950772 0.37131372 0.36840962 0.37166641 0.36736609 0.36640707
0.34108369 0.35999007 0.36108984 0.35709708 0.35835742 0.35962344 0.35795153 0.35857671 0.35550153 0.35540559
0.33082069 0.36054008 0.35466237 0.35006764 0.35060220 0.35346405 0.35132663 0.35158543 0.34856987 0.34994726
0.32488102 0.34836185 0.34722904 0.34508896 0.34436553 0.34877374 0.34458296 0.34553649 0.34312391 0.34446574
0.31162161 0.34135843 0.34145729 0.34869145 0.33845206 0.34231213 0.34412632 0.33845258 0.33718836 0.33925482
0.30269188 0.33414126 0.33334530 0.33732579 0.33360886 0.33720858 0.33306204 0.33361248 0.33000572 0.33292655
0.29514332 0.32724084 0.32572455 0.32752915 0.32896099 0.33111411 0.32720972 0.32608332 0.32427831 0.32618861
0.29403256 0.31994903 0.31760506 0.32423003 0.32165840 0.32310678 0.32177315 0.32230407 0.31888059 0.32088070
0.28527123 0.31352239 0.30969568 0.32002052 0.31400759 0.31513303 0.31577933 0.31269848 0.31110281 0.31359454
0.27640012 0.30598744 0.30297122 0.30934817 0.30750872 0.30993451 0.30764560 0.30411496 0.30288876 0.30582198
0.27093831 0.29954190 0.29799826 0.30152027 0.30140750 0.30406078 0.29996926 0.29777032 0.29512946 0.29864874
0.27245275 0.29263259 0.29487917 0.29849876 0.29446752 0.29900001 0.29590143 0.29091429 0.28812825 0.29126606
0.26599964 0.28551203 0.29100649 0.29020275 0.28764891 0.28888719 0.29173632 0.28393405 0.28146638 0.28581256
0.25472320 0.28035838 0.27861415 0.28300484 0.28304656 0.28339119 0.28441754 0.27898126 0.27409238 0.27658264
0.25122706 0.27316093 0.27555086 0.27546225 0.27689172 0.27668273 0.27682179 0.27251213 0.26868940 0.27036961
0.24541821 0.26584046 0.27227384 0.26981347 0.27344313 0.27038766 0.27272462 0.26643772 0.26801049 0.26338139
0.23982685 0.25958158 0.26167884 0.26373208 0.26649807 0.26345686 0.26517639 0.26131684 0.25765890 0.25702174
0.23649968 0.25419584 0.26223799 0.25911056 0.25861074 0.25825391 0.26269282 0.25290222 0.25113984 0.25132489
0.23319067 0.24873804 0.25390011 0.25390103 0.25518791 0.25049401 0.25655770 0.24680809 0.24659915 0.24508946
0.22891826 0.24176484 0.24456408 0.24625296 0.24917357 0.24737821 0.24961746 0.24023942 0.24032367 0.23865424
0.22432663 0.23769411 0.23839904 0.24296839 0.24217483 0.24186703 0.24389039 0.23384904 0.23590310 0.23398551
0.22135697 0.23162215 0.23501933 0.23681237 0.23811441 0.23459978 0.24048340 0.23015391 0.23183397 0.22812509
0.21796046 0.22671160 0.23296689 0.23233035 0.23206499 0.22957078 0.23504194 0.22387954 0.22987157 0.22304451
0.21591849 0.22147082 0.23041393 0.22876931 0.22955214 0.22457370 0.22896079 0.21922783 0.22333013 0.21833485
0.21239951 0.21644153 0.22074816 0.22788407 0.22626354 0.21946082 0.22441418 0.21554037 0.21627043 0.21541058
0.20713043 0.21303484 0.22017149 0.22003808 0.21771397 0.21541260 0.22221140 0.21100645 0.21602944 0.21076942
0.20426694 0.21134943 0.21855529 0.21576251 0.21566912 0.21278856 0.21554773 0.20874825 0.21594215 0.20786482
0.19935062 0.20663720 0.20968638 0.21295634 0.21179340 0.20653864 0.21001718 0.20161179 0.20477302 0.20156760
0.19559484 0.19944210 0.20438923 0.20799633 0.20663784 0.20457181 0.20574807 0.19816545 0.20244001 0.19842475
0.19432246 0.19689696 0.20327769 0.20562718 0.20262460 0.19994028 0.20437556 0.19622954 0.19763843 0.19494882
0.19126806 0.19374897 0.19822175 0.20041119 0.20142687 0.19474603 0.19960559 0.19213717 0.19451348 0.19141779
0.18694947 0.18969318 0.19544301 0.19756495 0.19956592 0.19208227 0.19699721 0.18598306 0.19184639 0.18790573
0.18180731 0.18724982 0.19106643 0.19468392 0.19319286 0.18886598 0.19282582 0.18590469 0.19115038 0.18397630
0.17997783 0.18664142 0.18666144 0.19313238 0.18855690 0.18499094 0.18956465 0.18321808 0.18729263 0.18168900
0.17722072 0.18304667 0.18610727 0.18986915 0.18572546 0.18620566 0.18777201 0.18950953 0.18271718 0.17798063
0.17570980 0.18161225 0.18254523 0.18903425 0.18205778 0.18632305 0.18383671 0.17667579 0.17811659 0.17638456
0.17327813 0.17669026 0.18092583 0.18575553 0.17843443 0.18978287 0.17801872 0.17872024 0.17791510 0.17419906
0.17096987 0.17555751 0.17594071 0.18027336 0.17859843 0.17486434 0.17664127 0.16897780 0.17325302 0.17069956
0.16731615 0.17083782 0.17218505 0.17939230 0.18203394 0.16938162 0.17292856 0.16841101 0.17444837 0.17042009
0.16432889 0.16727212 0.17040577 0.17338981 0.16926123 0.16957125 0.17118494 0.16623036 0.16915509 0.16394635
0.16360712 0.16513956 0.16924257 0.17434237 0.16629513 0.16552777 0.16720235 0.16130571 0.16645510 0.16271834
0.16019166 0.16594457 0.16420435 0.17162771 0.16577052 0.16763094 0.16563960 0.16053771 0.16348476 0.16052783
0.15917944 0.16284199 0.16541990 0.16686828 0.16222934 0.17873285 0.16306932 0.15841782 0.15884652 0.15977056
0.15606419 0.15901043 0.15991093 0.16563079 0.15907413 0.17304331 0.16400654 0.15522556 0.15764913 0.15621885
0.15656572 0.16561406 0.15763929 0.16708900 0.15753280 0.15818923 0.15833329 0.15396544 0.15720149 0.15244841
0.15892412 0.16305187 0.15622596 0.16032755 0.15631792 0.15699609 0.15578687 0.14827292 0.15682816 0.15104012
0.14950111 0.15930912 0.16361286 0.15899469 0.15323315 0.15664820 0.15400745 0.14901375 0.15331902 0.14947118
0.14815608 0.15457263 0.15351063 0.15723472 0.15265046 0.15205628 0.15387149 0.14906281 0.15745336 0.14808154
0.14569890 0.14768240 0.15109821 0.15717125 0.14769023 0.15019899 0.16633253 0.14563791 0.14845937 0.14528376
0.14374432 0.14671590 0.14594555 0.15697437 0.14855301 0.15162437 0.16539459 0.14738424 0.14644940 0.14457189
0.14117200 0.14589182 0.14728208 0.15333964 0.14622713 0.14846006 0.14777002 0.14101756 0.14440765 0.14043756
0.14029742 0.14286191 0.14416358 0.16168934 0.14432937 0.14453031 0.14862277 0.14027475 0.14163409 0.13938196
0.14103190 0.14629324 0.14492878 0.14769538 0.14040223 0.14273523 0.14246418 0.13665552 0.14263723 0.13799572
0.13874292 0.14675707 0.14361861 0.14444008 0.14195334 0.14063288 0.13934195 0.13543675 0.14294722 0.13734213
0.13642901 0.13840290 0.13741841 0.14715379 0.13647302 0.13960178 0.13832078 0.13361577 0.13538799 0.13271879
0.13281193 0.13536999 0.13928927 0.14826775 0.13535223 0.13900127 0.13638235 0.13456708 0.13494644 0.13087132
0.13275071 0.13735108 0.13530685 0.13917618 0.13427006 0.13743506 0.13276418 0.13266137 0.13435017 0.13187057
0.12933749 0.13298010 0.13395589 0.13846814 0.13533058 0.13616947 0.13261754 0.12909202 0.13531551 0.12740713
0.13048959 0.13043265 0.13258327 0.13865537 0.13184750 0.13220820 0.13122019 0.12594132 0.12773760 0.12724680
0.12852979 0.12931240 0.13014842 0.13973955 0.12938879 0.13031021 0.13190829 0.12737286 0.12776181 0.12670097
0.12514592 0.12973723 0.13115080 0.13129824 0.12686393 0.13212492 0.12730112 0.12355965 0.12568265 0.12722371
0.12599435 0.12729190 0.12680147 0.13205323 0.12720999 0.12951574 0.13006310 0.12117021 0.12517064 0.12404094
0.12496190 0.12517551 0.12752762 0.12953106 0.12313153 0.12728309 0.12898698 0.12865602 0.12533964 0.12416912
