# pytorch neural network ReLU CrossEntropyLoss Adam:
#  unit=[80, 20],batch=64,lr=1e-03,betas=(0.9, 0.999),eps=1e-08,decay=0.0,amsgrad=False,epoch=64
0.39470845 0.66783202 0.42220208 0.54180157 0.52535719 0.71004361 0.69623202 0.30247313 0.71798521 0.71715212
0.80840778 0.77819502 0.77046919 0.77793604 0.76727521 0.78130263 0.77465582 0.76149166 0.77422416 0.77644014
0.83620358 0.82955676 0.82925463 0.82847768 0.82912511 0.83145583 0.83050627 0.82765764 0.83046311 0.83309603
0.84768438 0.83546978 0.83240539 0.83395916 0.83439076 0.83331174 0.83482242 0.83603090 0.83564246 0.83551240
0.85282058 0.83710992 0.83667833 0.83896583 0.83883637 0.83603090 0.83754152 0.84034699 0.83991539 0.83948219
0.85933793 0.84069228 0.84211659 0.84276402 0.84379989 0.83814579 0.84125340 0.84479260 0.84457678 0.84384036
0.86304975 0.84552634 0.84656221 0.84807283 0.84729594 0.84224612 0.84643275 0.84850448 0.84811604 0.84854370
0.86801332 0.84889293 0.85264796 0.85213000 0.85247529 0.84695065 0.85092151 0.85247529 0.85342485 0.85078746
0.87073243 0.85204369 0.85623032 0.85623032 0.85700721 0.85161209 0.85346800 0.85584188 0.85566920 0.85441208
0.87604123 0.85687774 0.86227286 0.86024427 0.85765463 0.85761148 0.85938108 0.85838836 0.86076224 0.85812300
0.87617075 0.86024427 0.86615735 0.86158228 0.86624366 0.85942423 0.86033064 0.86304975 0.86447406 0.86261058
0.88061637 0.86520779 0.87103456 0.86645949 0.86671847 0.86507833 0.86490571 0.86896282 0.86930811 0.86761594
0.88389659 0.86658895 0.87280416 0.87137985 0.86973971 0.86667532 0.87099141 0.87327898 0.87280416 0.87154263
0.88609779 0.87207043 0.87630022 0.87301999 0.87358105 0.86922181 0.87168199 0.87474644 0.87642974 0.87439048
0.88696104 0.87487590 0.87690449 0.87586862 0.87863094 0.87418532 0.87487590 0.87945098 0.88130695 0.87840343
0.89326257 0.87876040 0.88337862 0.88048685 0.87966681 0.87837195 0.87548018 0.88113427 0.88493246 0.88207120
0.89395314 0.88152272 0.88583881 0.88532090 0.88389659 0.88208383 0.88022786 0.88575250 0.88700420 0.88487595
0.89602488 0.88709050 0.88540721 0.88898963 0.88596833 0.88644308 0.88376713 0.88903278 0.88980967 0.88884574
0.89990938 0.88929170 0.89239931 0.88980967 0.88752210 0.88985282 0.88877380 0.89283091 0.89239931 0.89242721
0.90215373 0.89011180 0.89304674 0.89209718 0.89183825 0.89028442 0.88881695 0.89330572 0.89520478 0.89484358
0.90275800 0.89602488 0.89473003 0.89477319 0.89567959 0.89624065 0.89175189 0.89904612 0.89719021 0.89756203
0.90336227 0.89874399 0.89891666 0.89770812 0.89697438 0.89775133 0.89494586 0.90280116 0.90051359 0.90114349
0.90750569 0.90077257 0.90133369 0.89943457 0.89995253 0.89908928 0.89835554 0.90478659 0.90249902 0.90321469
0.90823948 0.90362120 0.90370756 0.90219688 0.89990938 0.90405285 0.89956409 0.90569293 0.90461391 0.90722764
0.90957743 0.90668565 0.90616775 0.90461391 0.90396649 0.90642667 0.89977986 0.90910268 0.90638351 0.90843582
0.91186500 0.90819627 0.90556347 0.90724677 0.90694463 0.90901637 0.90586561 0.91069967 0.90858477 0.91111112
0.91294402 0.91078597 0.91130388 0.90646988 0.90677196 0.91039753 0.90772152 0.91315985 0.91402304 0.91149944
0.91393673 0.91208082 0.91082913 0.91147655 0.91095859 0.91324615 0.90810996 0.91536105 0.91281456 0.91434735
0.91738963 0.91372091 0.90936166 0.91441149 0.91233975 0.91350514 0.91139024 0.91471362 0.91337562 0.91387272
0.91928869 0.91713065 0.91579264 0.91385043 0.91441149 0.91799384 0.91281456 0.91851181 0.91881394 0.91810143
0.92010880 0.91868442 0.91782123 0.91726011 0.91661274 0.91730326 0.91574949 0.92045403 0.91864127 0.92051780
0.92041087 0.92002243 0.91587895 0.91687167 0.91695797 0.91734648 0.91691482 0.92114460 0.92092884 0.92073357
0.92123097 0.92192155 0.92131728 0.91812336 0.92015195 0.92075616 0.91864127 0.92243946 0.92330271 0.92142397
0.92425221 0.92485648 0.92097199 0.92075616 0.91894341 0.92282790 0.91984981 0.92416590 0.92541760 0.92414242
0.92602181 0.92459750 0.92248261 0.92140359 0.92304373 0.92515862 0.92235315 0.92606503 0.92662609 0.92509168
0.92705768 0.92356163 0.92507231 0.92196470 0.92390692 0.92701453 0.92261213 0.92533123 0.92636710 0.92742181
0.92809355 0.92602181 0.92589235 0.92123097 0.92446804 0.92731667 0.92653978 0.92317319 0.92878413 0.92841423
0.92956108 0.92597866 0.92757565 0.92507231 0.92653978 0.92787778 0.92576289 0.93072641 0.92874098 0.92798275
0.93089902 0.93115801 0.92809355 0.92494279 0.92921579 0.92265528 0.92792094 0.92826623 0.92960423 0.92953616
0.93318659 0.93068326 0.92934525 0.92912942 0.92956108 0.93016529 0.92943156 0.93236655 0.93120116 0.93247032
0.93223703 0.92994952 0.93158960 0.92761880 0.92805040 0.93409300 0.93068326 0.93171912 0.93042427 0.93091697
0.93404979 0.93275499 0.93102854 0.93167597 0.93314344 0.93344557 0.93029481 0.93275499 0.93314344 0.93605179
0.93461090 0.93426561 0.93297076 0.93007898 0.93275499 0.93409300 0.93262547 0.93530148 0.93439507 0.93531823
0.93642366 0.93266863 0.93443823 0.93051058 0.93310028 0.93650997 0.93357503 0.93456775 0.93551731 0.93600863
0.93646681 0.93508565 0.93469721 0.93370450 0.93547410 0.92960423 0.93530148 0.93525833 0.93845224 0.93769145
0.93741637 0.93909967 0.93577623 0.93400663 0.93676895 0.93249601 0.93517202 0.93789113 0.93823642 0.93803668
0.93763220 0.93590575 0.93754584 0.93284130 0.93650997 0.93827957 0.93741637 0.93672580 0.93901336 0.93971950
0.93633735 0.93556046 0.93970394 0.93702793 0.93819326 0.93802065 0.93780482 0.94078296 0.93793428 0.94131607
0.93953127 0.93884069 0.93508565 0.93668264 0.93694162 0.93918598 0.93935865 0.94052398 0.94108510 0.93993527
0.93944496 0.93918598 0.93909967 0.93638051 0.93793428 0.94138718 0.93979025 0.94035131 0.94000602 0.94174755
0.94091243 0.94380420 0.93983340 0.93797749 0.94160300 0.94035131 0.93435192 0.94190514 0.94363159 0.94291264
0.94367474 0.94263887 0.94414949 0.93741637 0.93879753 0.94164616 0.93530148 0.94194829 0.94212091 0.94425029
0.94268203 0.94259572 0.94246620 0.94117141 0.94203460 0.94328630 0.94203460 0.94436532 0.94255257 0.94489753
0.94406319 0.94406319 0.94354528 0.93633735 0.94350207 0.94363159 0.93966073 0.94393373 0.94315678 0.94420713
0.94384736 0.94505590 0.94194829 0.94030815 0.94449478 0.94363159 0.94436532 0.94639391 0.94591910 0.94416398
0.94449478 0.94194829 0.94186199 0.94138718 0.94414949 0.94570333 0.94458115 0.94566017 0.94466746 0.94584680
0.94423586 0.94613492 0.94617808 0.94130087 0.94682550 0.94337261 0.94475377 0.94863826 0.94751608 0.94800431
0.94673920 0.94617808 0.94617808 0.94173247 0.94643706 0.94449478 0.94527167 0.94686866 0.94794768 0.94709820
0.94617808 0.94484007 0.94816351 0.94501275 0.94721395 0.94626439 0.94721395 0.94617808 0.94988996 0.94912618
0.94932884 0.94863826 0.94760239 0.94548750 0.94730026 0.94669604 0.94704133 0.94937199 0.94682550 0.95059329
0.94790453 0.94980359 0.94747293 0.94570333 0.94820666 0.94669604 0.94790453 0.95049417 0.95135742 0.95033443
0.95014888 0.94906986 0.94824982 0.94531488 0.94932884 0.94872457 0.94660968 0.95105529 0.95019209 0.95180154
0.95109844 0.94984680 0.94842243 0.94855195 0.95032156 0.94859511 0.94950151 0.94971728 0.95200485 0.94947141
0.95014888 0.94945830 0.94997627 0.94859511 0.94984680 0.94958782 0.94812036 0.95342916 0.95226377 0.95106798
0.95096898 0.95101213 0.94937199 0.94941515 0.95183218 0.95083946 0.94829297 0.94850880 0.95062369 0.95154262
