# pytorch nn 3 hidden layer ReLU CrossEntropyLoss SGD:
#  unit=[80, 40, 20],batch=64,lr=1e-02,momentum0.9,epoch=64
0.71479130 0.29392722 0.57253224 0.39479476 0.62600887 0.56860459 0.60498941 0.52527082 0.35288534 0.28314996
0.77051234 0.77003753 0.78535974 0.77707279 0.78479868 0.77059865 0.77750444 0.77724546 0.77746129 0.76634306
0.82597435 0.82783031 0.82783031 0.82558590 0.82744181 0.82705337 0.82683760 0.82532692 0.82826191 0.82705504
0.82450688 0.83184427 0.83266431 0.83292329 0.83184427 0.83149898 0.83473605 0.83275068 0.83348441 0.83361381
0.83171481 0.83499503 0.83771420 0.83620358 0.83313912 0.83357072 0.83685094 0.83495188 0.83775735 0.83585763
0.83741206 0.83939749 0.83931112 0.83922482 0.83611721 0.83836162 0.84215981 0.83706677 0.84121025 0.83905071
0.84401572 0.84228927 0.84133971 0.84297985 0.83529717 0.84220296 0.84211659 0.84289354 0.84414518 0.84159654
0.84401572 0.84388626 0.84548318 0.84569901 0.84108073 0.84449047 0.84802967 0.84466314 0.84846133 0.84539372
0.84755492 0.84354097 0.84910870 0.84880662 0.84500843 0.84531057 0.84958351 0.84936768 0.85096467 0.84811217
0.84785706 0.84997195 0.85113728 0.85217315 0.84846133 0.84405887 0.85096467 0.85061938 0.85402912 0.85026968
0.85471964 0.85014457 0.85303640 0.84811604 0.85105097 0.84759808 0.85048985 0.85130996 0.85588503 0.85324705
0.85722303 0.84742546 0.85579872 0.85584188 0.85342485 0.84954035 0.85398591 0.85497862 0.85894948 0.85316074
0.85519445 0.85592818 0.85821569 0.85618716 0.85329533 0.85575551 0.85661876 0.84971297 0.84742546 0.85782093
0.85964006 0.85722303 0.86011481 0.85834521 0.85752517 0.85653245 0.85955369 0.85713667 0.86231601 0.85877025
0.86283398 0.85821569 0.84647590 0.85187101 0.85916525 0.85890627 0.86011481 0.85765463 0.86313611 0.85877025
0.86481935 0.85955369 0.84945399 0.86145282 0.86058956 0.85964006 0.86123699 0.86054641 0.86719322 0.86148870
0.86434460 0.86615735 0.86140966 0.86296344 0.86205703 0.86153913 0.86279082 0.85968322 0.87159568 0.86416399
0.86568260 0.86002851 0.86585522 0.86680478 0.85881996 0.86421514 0.86456043 0.86378348 0.86913550 0.86187702
0.86680478 0.86438775 0.86641634 0.84151238 0.86425829 0.86369717 0.86499202 0.86667532 0.87021452 0.86472493
0.87068927 0.85463333 0.86922181 0.86378348 0.86831540 0.85821569 0.86153913 0.85739565 0.87366742 0.86800432
0.87159568 0.86740905 0.87133670 0.86071908 0.86904913 0.86615735 0.86516464 0.86451727 0.86762482 0.86891049
0.87263155 0.86227286 0.87181145 0.86425829 0.87245888 0.86883336 0.86693424 0.86879021 0.85394275 0.87098163
0.87517804 0.86719322 0.87491906 0.87008500 0.87453061 0.87155253 0.86879021 0.86132330 0.85156888 0.87451994
0.87612760 0.87129354 0.87314945 0.87060297 0.87427163 0.87090510 0.87219989 0.87060297 0.87077558 0.87447679
0.87699080 0.87414217 0.86084855 0.87362427 0.87358105 0.87340844 0.87168199 0.87297684 0.87392634 0.87564188
0.87712032 0.87664551 0.87172514 0.87202728 0.84863394 0.87625706 0.87232941 0.87401271 0.87573916 0.87883496
0.88307655 0.87828565 0.87690449 0.87591177 0.87215674 0.87815619 0.87150937 0.87638652 0.87923521 0.87672061
0.88536406 0.87867409 0.87888992 0.87776768 0.87509173 0.87815619 0.87578231 0.88048685 0.85985583 0.87978423
0.88411242 0.88074583 0.87962365 0.88027108 0.87837195 0.88169539 0.87742239 0.88178170 0.87634337 0.88245952
0.88627046 0.87970996 0.87893307 0.88135010 0.87910569 0.88329232 0.87858778 0.88165224 0.88009840 0.88422871
0.88704735 0.87949413 0.88363761 0.88260174 0.88204068 0.88463032 0.87880355 0.88670206 0.88242912 0.88530743
0.88890326 0.88424188 0.87306315 0.88454401 0.88277441 0.88747895 0.88122058 0.88713366 0.88368076 0.88435817
0.86490571 0.88614094 0.88311970 0.86486256 0.88527775 0.88756526 0.86231601 0.87828565 0.88549358 0.88729233
0.88778108 0.88631362 0.88635677 0.88398290 0.88510507 0.88795376 0.88113427 0.88614094 0.88614094 0.88824165
0.88942122 0.87375373 0.88652939 0.88799691 0.88700420 0.88747895 0.88277441 0.89162242 0.88816953 0.89005393
0.89326257 0.88618410 0.88860112 0.88877380 0.88605464 0.89114767 0.88255858 0.89019811 0.88704735 0.89117581
0.89153612 0.89028442 0.88687468 0.89015496 0.89080238 0.89382362 0.83857739 0.88424188 0.87936467 0.89324701
0.88484615 0.89390999 0.88946438 0.88980967 0.89183825 0.88998228 0.82506800 0.89278775 0.87630022 0.89333332
0.89667225 0.89356470 0.89058656 0.89101815 0.89382362 0.89658594 0.84319568 0.88924855 0.88709050 0.89574975
0.89723337 0.89408261 0.89421207 0.89408261 0.89464372 0.89714706 0.85411543 0.89438474 0.88976651 0.89579290
0.90085888 0.89576590 0.88709050 0.89654279 0.87932152 0.89706075 0.86201388 0.89507532 0.89162242 0.89574975
0.90142000 0.89654279 0.89045709 0.89179510 0.89330572 0.89857137 0.85415858 0.89770812 0.89382362 0.89449841
0.90206742 0.89593852 0.89632696 0.89740604 0.89555007 0.82075185 0.86879021 0.89822608 0.88406920 0.89769149
0.89101815 0.89895982 0.89563644 0.89952093 0.89697438 0.85113728 0.87250203 0.88665891 0.89572275 0.90015101
0.90085888 0.89939141 0.89723337 0.89947778 0.89813977 0.86723638 0.87371057 0.90008199 0.89524794 0.90075511
0.90560663 0.89826924 0.89865768 0.90068626 0.89788079 0.87841511 0.87457377 0.87560964 0.89826924 0.89976269
0.89067286 0.90599507 0.90029782 0.90293062 0.89952093 0.87453061 0.87901938 0.89343518 0.89801025 0.90394825
0.90487289 0.90310329 0.90103155 0.90159267 0.84233242 0.88437134 0.87932152 0.89865768 0.90021151 0.90295577
0.90750569 0.90241271 0.90142000 0.90331906 0.86244553 0.89071602 0.88014156 0.90042728 0.89382362 0.90425026
0.89723337 0.90508872 0.90163583 0.90344858 0.87901938 0.89093184 0.88195431 0.90491605 0.90327591 0.90196329
0.90590876 0.90599507 0.90236956 0.90003884 0.88721997 0.89455736 0.88475978 0.90504551 0.89999568 0.90817690
0.90448445 0.90526134 0.90625405 0.89667225 0.89356470 0.89455736 0.88454401 0.90413916 0.90482974 0.91016179
0.90875739 0.90806681 0.84345460 0.90353489 0.89252883 0.89796710 0.88734949 0.90741938 0.90590876 0.91059333
0.91005224 0.90720361 0.88277441 0.90228325 0.89723337 0.90025467 0.88773793 0.89222670 0.86356771 0.90813375
0.91151971 0.90116102 0.89226985 0.90828264 0.89757866 0.89982301 0.89019811 0.90759206 0.89697438 0.90804744
0.91251242 0.90918899 0.89378047 0.90798050 0.90012515 0.89887351 0.89261514 0.90970695 0.90116102 0.91300970
0.87358105 0.91160601 0.89649963 0.90966380 0.90068626 0.90400964 0.89179510 0.90810996 0.90392333 0.91482198
0.90733308 0.89731967 0.90081573 0.90918899 0.90254217 0.88182485 0.89028442 0.90992272 0.90810996 0.91503775
0.86771119 0.90828264 0.90465707 0.90180844 0.90413916 0.89887351 0.87189782 0.91277140 0.90720361 0.91439050
0.89438474 0.91445464 0.90547717 0.91177869 0.83516771 0.90241271 0.88760847 0.90422547 0.90051359 0.91572815
0.90444130 0.91238290 0.90586561 0.91246927 0.86879021 0.90547717 0.89157927 0.91018170 0.90918899 0.91896439
0.90659934 0.91458416 0.90897322 0.91505891 0.88588202 0.90862793 0.89455736 0.91557688 0.91151971 0.91603023
0.91173553 0.91583580 0.90646988 0.91423887 0.89438474 0.90849841 0.89619750 0.91566318 0.90944797 0.91516721
0.91203761 0.91885710 0.89852822 0.91467047 0.89701754 0.90716040 0.89809662 0.91264188 0.91255558 0.91866237
0.91419572 0.91920239 0.90750569 0.91613793 0.90021151 0.91216713 0.89939141 0.91600847 0.91268504 0.92129451
