# pytorch nn 3 hidden layer ReLU CrossEntropyLoss SGD:
#  unit=[80, 40, 20],batch=64,lr=1e-02,momentum0.9,epoch=64
0.68043838 0.71319376 0.68949307 0.70201839 0.68192871 0.69243407 0.68582477 0.69062090 0.70080748 0.73625865
0.46310003 0.45769258 0.43494715 0.45489233 0.43823697 0.46043338 0.44911601 0.44623409 0.44671282 0.46497955
0.37746383 0.37331709 0.37253888 0.37209326 0.37215374 0.37398980 0.37396681 0.37520038 0.37156029 0.37433311
0.37748396 0.36450715 0.36282694 0.36062662 0.36115132 0.36601326 0.35971463 0.36362543 0.36049348 0.36242264
0.36080062 0.35885833 0.35476939 0.35391869 0.35546810 0.35934477 0.35751414 0.35941493 0.35263664 0.35663516
0.35212887 0.35056113 0.34994143 0.34872704 0.35337303 0.35189050 0.35014012 0.35146001 0.34864125 0.35144919
0.34735157 0.34675626 0.34769158 0.34384955 0.35668285 0.34842103 0.34539594 0.34612854 0.34302683 0.34979239
0.34294279 0.34451830 0.34353306 0.34050564 0.34576554 0.34680503 0.34004473 0.34229652 0.33758818 0.34462595
0.33905852 0.34581506 0.33711696 0.33574267 0.34329105 0.34421039 0.33536424 0.33742148 0.33484739 0.34041480
0.33734028 0.33425853 0.33500050 0.33337801 0.33708572 0.33941798 0.33358051 0.33487841 0.33060115 0.33809427
0.33034133 0.33425582 0.33092381 0.33810189 0.33273103 0.33541033 0.33142937 0.33246522 0.32709209 0.33299443
0.32550853 0.33713653 0.33115942 0.32726209 0.33159033 0.33387341 0.32656342 0.33038613 0.33153000 0.33139519
0.32373012 0.32555552 0.32701837 0.32399066 0.32894999 0.32753481 0.32324163 0.33404479 0.34191495 0.32527402
0.32179994 0.32320876 0.33063072 0.32911299 0.32272144 0.32650974 0.32005177 0.32371717 0.31659412 0.32184414
0.31547939 0.32072354 0.34170859 0.33362369 0.31804523 0.32365287 0.31819480 0.32026480 0.31267522 0.32238177
0.31221318 0.31812678 0.33888775 0.31715931 0.31562961 0.31929735 0.31444764 0.31947100 0.30847835 0.31759818
0.30968224 0.31453364 0.31560856 0.31306365 0.31543909 0.31637041 0.31277789 0.32088024 0.30359985 0.31371395
0.30938409 0.31861612 0.31272763 0.31487987 0.31607766 0.31271078 0.31033818 0.31363261 0.30295523 0.31462660
0.30460313 0.30988305 0.30959560 0.34568019 0.30734768 0.31332685 0.31160791 0.31022356 0.30165664 0.30897245
0.29889333 0.32664534 0.30479429 0.31502234 0.30370315 0.32044387 0.31423218 0.32116377 0.29684371 0.30702666
0.29780014 0.30832312 0.30190002 0.31613404 0.30152616 0.30877929 0.30565493 0.31045150 0.30467635 0.30324651
0.29246117 0.31670340 0.30151389 0.30935031 0.29648793 0.30133735 0.30298047 0.31038616 0.32865492 0.29980347
0.29078784 0.30375001 0.29561169 0.30207794 0.29598740 0.30008900 0.30030881 0.31628699 0.32868301 0.29462650
0.28816200 0.29883755 0.29846585 0.29831472 0.29436208 0.29817178 0.29610871 0.29699417 0.29915700 0.29329954
0.28937079 0.29378441 0.31875897 0.29355276 0.29483563 0.29387567 0.29658490 0.29986024 0.29876575 0.29025631
0.28406501 0.28865955 0.29780669 0.29460127 0.33660537 0.28978034 0.29464169 0.29377418 0.29081173 0.28910315
0.28030600 0.28500892 0.29089628 0.28903348 0.29670998 0.28644052 0.29539885 0.28568446 0.29057388 0.29013594
0.27606336 0.28675844 0.28655949 0.28483194 0.28887371 0.28281022 0.28607872 0.28295685 0.31019387 0.28513670
0.27479203 0.28068190 0.28637086 0.28302884 0.28483990 0.28157231 0.28434745 0.28024125 0.28774038 0.28111593
0.27051308 0.28162906 0.28419634 0.28214063 0.28401206 0.27923497 0.28210776 0.27819702 0.28097131 0.27579051
0.26768276 0.28361360 0.27732565 0.27883816 0.27541903 0.27270841 0.28018445 0.27256978 0.27926867 0.27436498
0.26883849 0.27403277 0.29304792 0.28215861 0.27447520 0.27178147 0.28029605 0.27323204 0.27566823 0.27567678
0.30606084 0.26935209 0.27556744 0.30453728 0.27270110 0.26791973 0.31032927 0.28201927 0.27245069 0.27034186
0.26715137 0.26957840 0.26906096 0.27350208 0.27091179 0.26604873 0.27833073 0.26777990 0.26816740 0.26928242
0.26257372 0.29119415 0.26614263 0.26729163 0.26598472 0.26761710 0.27342400 0.26135621 0.26616704 0.26339660
0.25799525 0.26652058 0.26383045 0.26482956 0.26384636 0.26160939 0.27665949 0.26568921 0.26612175 0.26351799
0.26560911 0.26134469 0.26654574 0.26241583 0.25950072 0.25678253 0.37333226 0.27612405 0.28715044 0.25921756
0.26809890 0.25522930 0.25994719 0.25980066 0.25609391 0.25976116 0.38150412 0.25860959 0.28899584 0.25803691
0.25134661 0.25495875 0.25821915 0.26033366 0.25252040 0.24946336 0.34491712 0.26213254 0.26492047 0.25417842
0.24744838 0.25441859 0.25444093 0.25244752 0.25174838 0.25198126 0.32925960 0.25416893 0.25977840 0.25268865
0.24243767 0.24989113 0.26014027 0.25311604 0.27574065 0.24732600 0.31980391 0.25185465 0.25619406 0.25010642
0.23913463 0.24976759 0.25720429 0.25991823 0.25061836 0.24686548 0.33322199 0.24849781 0.25757404 0.25103428
0.24296498 0.25045971 0.24592711 0.24674809 0.24656084 0.38042563 0.30766741 0.24988509 0.26462414 0.24704953
0.26218655 0.24320154 0.24787801 0.24385304 0.24536125 0.31838821 0.30044671 0.27006279 0.25027864 0.24222019
0.24165756 0.23980150 0.24474246 0.24232304 0.23941404 0.29372745 0.29521377 0.24569457 0.24778289 0.24340418
0.23461794 0.23811086 0.24033708 0.24186674 0.23836332 0.27900548 0.29467094 0.28637136 0.24396005 0.24352555
0.26469405 0.23161969 0.23804918 0.23970344 0.23838132 0.28820887 0.28665486 0.25224930 0.24090794 0.23497521
0.23259107 0.23334921 0.23615728 0.23571144 0.34654941 0.26854876 0.28447381 0.24472901 0.23804315 0.23227903
0.23285843 0.23550752 0.23483778 0.23398665 0.30315228 0.26036901 0.28236776 0.23849097 0.24733310 0.23133239
0.24960011 0.22942130 0.23321215 0.23385756 0.27974014 0.25660696 0.27809047 0.23564055 0.24028146 0.23249587
0.23214681 0.22693047 0.23157126 0.24089137 0.26080718 0.25164444 0.27345084 0.23276698 0.23707842 0.22733685
0.23090789 0.22758789 0.23023332 0.25182661 0.25304424 0.25030161 0.27244130 0.22765935 0.23056217 0.22212382
0.22575338 0.22525501 0.34401741 0.23409697 0.25448214 0.24271946 0.26830169 0.22661426 0.23116967 0.22070007
0.22067881 0.22486320 0.28102078 0.23687729 0.24114644 0.23931646 0.26540500 0.25402002 0.31184088 0.22146566
0.21779728 0.23502674 0.26578474 0.22474377 0.24028516 0.23984334 0.26352965 0.22509921 0.24479633 0.22008318
0.21838920 0.21761352 0.25317397 0.22254889 0.23528244 0.24476955 0.25879871 0.21999225 0.23300122 0.21274174
0.28990817 0.21294569 0.24049125 0.22019056 0.23272531 0.23581100 0.26023313 0.22107963 0.23102567 0.21221254
0.23246277 0.23995389 0.23411407 0.21885697 0.22616585 0.27505627 0.25763160 0.21734171 0.22475937 0.21229365
0.29949201 0.22058176 0.23051978 0.23659322 0.22815303 0.23927554 0.31903506 0.21531269 0.22378751 0.21012914
0.24632117 0.20867723 0.22596011 0.21604103 0.34647186 0.23266178 0.26692656 0.23150392 0.23756468 0.20819949
0.22954057 0.21139990 0.22575127 0.21420290 0.29518090 0.22779488 0.25644288 0.21834515 0.21699934 0.20270861
0.22149055 0.20655714 0.22193640 0.20852206 0.26607079 0.22270117 0.25201839 0.20894392 0.21345398 0.20805016
0.21617616 0.20263485 0.22791346 0.20635211 0.24797871 0.22249267 0.24670566 0.20655381 0.21971198 0.20489144
0.21584743 0.19796984 0.23688125 0.20650020 0.24008914 0.21949726 0.24443999 0.21431753 0.20866773 0.20185616
0.21132458 0.19728854 0.21762609 0.20516634 0.23336715 0.21806886 0.24174609 0.20294479 0.21098290 0.19772524
