# pytorch neural network ReLU CrossEntropyLoss Adam:
#  unit=[40],batch=64,lr=1e-03,betas=(0.9, 0.999),eps=1e-08,decay=0.0,amsgrad=False,epoch=128
0.44598386 0.28715095 0.67063749 0.41922396 0.48405197 0.56907940 0.52470976 0.29017222 0.64733046 0.66097087
0.78820837 0.75501746 0.76537615 0.77677071 0.76459926 0.76796579 0.76352024 0.75713235 0.77115977 0.77518880
0.83098108 0.82558590 0.82554275 0.82606071 0.82524061 0.82696706 0.82286674 0.82364368 0.82675129 0.82852209
0.83568561 0.83020413 0.83115369 0.83098108 0.83093786 0.83128315 0.82929778 0.82985884 0.83305281 0.83300972
0.84021753 0.83370018 0.83313912 0.83253485 0.83348441 0.83279383 0.83443391 0.83464974 0.83624673 0.83581448
0.84289354 0.83616036 0.83503819 0.83564246 0.83650565 0.83585829 0.83637619 0.83382970 0.83698046 0.83715212
0.84617376 0.83844793 0.83667833 0.83792996 0.83918166 0.83836162 0.83749837 0.83736891 0.84017438 0.83857608
0.84936768 0.83965641 0.83827525 0.84056282 0.84073550 0.84112394 0.84034699 0.83931112 0.84220296 0.84047467
0.85130996 0.84276402 0.84194398 0.84371358 0.84397256 0.84293669 0.84315246 0.84077865 0.84436101 0.84392667
0.85502177 0.84660536 0.84423155 0.84638959 0.84582847 0.84574217 0.84384304 0.84310931 0.84759808 0.84733552
0.85713667 0.84893608 0.84708017 0.84897923 0.85027409 0.84854764 0.84621692 0.84708017 0.85057622 0.84686083
0.86011481 0.84992880 0.84979928 0.85156888 0.85269111 0.85109413 0.84897923 0.84979928 0.85187101 0.84962243
0.86218655 0.85342485 0.85342485 0.85545343 0.85407227 0.85014457 0.85200053 0.85079199 0.85428804 0.85242718
0.86477619 0.85644609 0.85640293 0.85830206 0.85791361 0.85528076 0.85277742 0.85269111 0.85584188 0.85540456
0.86667532 0.85912210 0.85739565 0.86024427 0.85929477 0.85700721 0.85692090 0.85506493 0.85951054 0.85700107
0.86784065 0.86132330 0.86063272 0.86197072 0.86197072 0.85976952 0.86067593 0.85912210 0.86058956 0.85894281
0.86943763 0.86261815 0.86404246 0.86443090 0.86490571 0.86149597 0.86128014 0.86067593 0.86231601 0.86187702
0.87073243 0.86538047 0.86676162 0.86598474 0.86727953 0.86192757 0.86352456 0.86266130 0.86499202 0.86330098
0.87150937 0.86697745 0.86745220 0.86900598 0.86827224 0.86287713 0.86395615 0.86494887 0.86663216 0.86481124
0.87219989 0.86853123 0.86982608 0.87004185 0.86883336 0.86559629 0.86771119 0.86831540 0.86775434 0.86955774
0.87504858 0.87073243 0.87267470 0.87349474 0.87241572 0.86766803 0.86887652 0.86766803 0.86965340 0.87093854
0.87690449 0.87284732 0.87466013 0.87414217 0.87289047 0.86809963 0.87073243 0.87077558 0.87073243 0.87344122
0.87759507 0.87409902 0.87599808 0.87453061 0.87405586 0.87215674 0.87081879 0.87215674 0.87435800 0.87413162
0.87841511 0.87837195 0.87625706 0.87686133 0.87664551 0.87345159 0.87340844 0.87500542 0.87509173 0.87585759
0.87858778 0.87785405 0.87707710 0.87819934 0.87992579 0.87444431 0.87509173 0.87673181 0.87677503 0.87939590
0.88009840 0.87850147 0.87983942 0.87858778 0.87876040 0.87552333 0.87543702 0.87763822 0.87837195 0.88215750
0.88234282 0.88001209 0.88027108 0.88096166 0.88083214 0.87638652 0.87737924 0.87945098 0.87988257 0.88168287
0.88281757 0.87945098 0.88100481 0.88057315 0.88376713 0.87755191 0.87686133 0.87962365 0.88070267 0.88332254
0.88199753 0.88195431 0.88316286 0.88255858 0.88299018 0.88048685 0.87871724 0.88182485 0.88303334 0.88422871
0.88381028 0.88311970 0.88242912 0.88294703 0.88501877 0.87975311 0.87983942 0.88329232 0.88311970 0.88491911
0.88368076 0.88290387 0.88506192 0.88324916 0.88739264 0.88096166 0.88195431 0.88540721 0.88221329 0.88604099
0.88527775 0.88320601 0.88545036 0.88454401 0.88769478 0.88212699 0.88281757 0.88355130 0.88432819 0.88755125
0.88557988 0.88424188 0.88661575 0.88696104 0.88739264 0.88363761 0.88393974 0.88506192 0.88484615 0.88724917
0.88687468 0.88562304 0.88808322 0.88622731 0.88942122 0.88303334 0.88268805 0.88588202 0.88687468 0.88983816
0.88721997 0.88652939 0.88773793 0.88631362 0.88972336 0.88406920 0.88385344 0.88799691 0.88670206 0.89031285
0.88877380 0.88717681 0.88829905 0.88864434 0.88998228 0.88536406 0.88639992 0.88980967 0.88721997 0.88914782
0.88847166 0.88868749 0.88911909 0.88972336 0.89201087 0.88687468 0.88687468 0.88911909 0.88864434 0.89156419
0.89037073 0.88730633 0.88894641 0.89041394 0.89153612 0.88778108 0.88657260 0.89149296 0.89015496 0.89177996
0.89166558 0.88959384 0.89084554 0.88955069 0.89257199 0.88605464 0.88760847 0.88937807 0.88980967 0.89307445
0.89015496 0.89093184 0.89183825 0.88998228 0.89494586 0.88575250 0.88791054 0.89175189 0.89179510 0.89307445
0.89062971 0.88972336 0.89097500 0.89088869 0.89468688 0.88916224 0.88937807 0.89084554 0.89235616 0.89454156
0.88976651 0.88980967 0.89356470 0.89188141 0.89468688 0.88924855 0.89084554 0.89283091 0.89356470 0.89380801
0.89287412 0.89140660 0.89175189 0.89214039 0.89511847 0.88898963 0.89037073 0.89252883 0.89252883 0.89574975
0.89425528 0.89278775 0.89447105 0.89347833 0.89602488 0.89088869 0.89110452 0.89516163 0.89416891 0.89462781
0.89447105 0.89429843 0.89343518 0.89386678 0.89783764 0.89062971 0.89132029 0.89412576 0.89416891 0.89557713
0.89477319 0.89390999 0.89516163 0.89222670 0.89796710 0.89278775 0.89205402 0.89567959 0.89421207 0.89730310
0.89606804 0.89313304 0.89524794 0.89313304 0.89792395 0.89136344 0.89378047 0.89714706 0.89464372 0.89751887
0.89447105 0.89606804 0.89494586 0.89542061 0.89822608 0.89300358 0.89313304 0.89706075 0.89766496 0.89635384
0.89658594 0.89529115 0.89684492 0.89576590 0.89965039 0.89352149 0.89421207 0.89697438 0.89675862 0.89877021
0.89550692 0.89485949 0.89779449 0.89671546 0.89926195 0.89442790 0.89511847 0.89770812 0.89783764 0.89825243
0.89619750 0.89684492 0.89740604 0.89593852 0.89990938 0.89559323 0.89473003 0.89719021 0.89801025 0.89963323
0.89693123 0.89654279 0.89779449 0.89766496 0.89982301 0.89399630 0.89537746 0.89878720 0.89822608 0.89907229
0.89788079 0.89628381 0.89826924 0.89641333 0.89956409 0.89399630 0.89593852 0.89930511 0.89982301 0.89933115
0.89770812 0.89801025 0.89870083 0.89809662 0.90107471 0.89524794 0.89628381 0.90081573 0.89947778 0.89971954
0.89861453 0.89762181 0.89805341 0.89719021 0.90085888 0.89624065 0.89632696 0.89965039 0.89969355 0.90131605
0.89831239 0.90029782 0.90021151 0.89727652 0.90284431 0.89555007 0.89809662 0.90137684 0.90072942 0.90148866
0.89986622 0.89921880 0.90146315 0.89822608 0.90297383 0.89848506 0.89671546 0.89934826 0.90034097 0.90187705
0.89999568 0.89887351 0.90111786 0.89865768 0.90293062 0.89792395 0.89641333 0.90167898 0.90142000 0.90161812
0.90116102 0.89999568 0.90064311 0.89986622 0.90306014 0.89839870 0.89801025 0.90336227 0.90211058 0.90166128
0.90267169 0.90133369 0.90085888 0.89878720 0.90422547 0.89852822 0.89839870 0.90284431 0.90198112 0.90265369
0.90154946 0.90042728 0.90219688 0.90008199 0.90362120 0.89723337 0.89826924 0.90159267 0.90340543 0.90360302
0.90241271 0.90094525 0.90116102 0.90051359 0.90426862 0.89788079 0.89913249 0.90254217 0.90232641 0.90360302
0.90219688 0.89947778 0.90284431 0.90120417 0.90556347 0.89891666 0.89831239 0.90422547 0.90362120 0.90468174
0.90262854 0.90284431 0.90103155 0.90172213 0.90444130 0.90047044 0.89952093 0.90388018 0.90452760 0.90455234
0.90262854 0.90077257 0.90293062 0.90215373 0.90530449 0.89891666 0.89977986 0.90327591 0.90478659 0.90442288
0.90375072 0.90245587 0.90482974 0.90163583 0.90495920 0.90103155 0.90120417 0.90396649 0.90517503 0.90606254
0.90638351 0.90258533 0.90306014 0.90271485 0.90685833 0.90098840 0.90211058 0.90586561 0.90426862 0.90429342
0.90569293 0.90258533 0.90167898 0.90228325 0.90452760 0.89939141 0.90142000 0.90603822 0.90552032 0.90498382
0.90612459 0.90388018 0.90452760 0.90245587 0.90703094 0.90142000 0.90189475 0.90435493 0.90716040 0.90688241
0.90539080 0.90422547 0.90435493 0.90284431 0.90642667 0.90150630 0.90232641 0.90500236 0.90590876 0.90450919
0.90616775 0.90306014 0.90452760 0.90444130 0.90750569 0.90293062 0.90206742 0.90659934 0.90646988 0.90666670
0.90698779 0.90452760 0.90504551 0.90366435 0.90681511 0.90340543 0.90275800 0.90685833 0.90728992 0.90623516
0.90590876 0.90405285 0.90621090 0.90582246 0.90785098 0.90249902 0.90215373 0.90750569 0.90638351 0.90675294
0.90595192 0.90586561 0.90685833 0.90318960 0.90733308 0.90400964 0.90306014 0.90733308 0.90867108 0.90701187
0.90698779 0.90621090 0.90659934 0.90400964 0.90858477 0.90297383 0.90379387 0.90754890 0.90703094 0.90735704
0.90750569 0.90621090 0.90625405 0.90457076 0.90733308 0.90400964 0.90297383 0.90914583 0.90780783 0.90774542
0.90810996 0.90560663 0.90711725 0.90603822 0.90953428 0.90396649 0.90409601 0.90552032 0.90862793 0.90813375
0.90780783 0.90595192 0.90849841 0.90439814 0.90884370 0.90500236 0.90306014 0.90880054 0.90785098 0.90869468
0.90672880 0.90426862 0.90759206 0.90513188 0.90875739 0.90521818 0.90370756 0.90927535 0.90910268 0.90688241
0.90867108 0.90616775 0.90694463 0.90629721 0.90914583 0.90491605 0.90396649 0.90940481 0.90949112 0.90895361
0.90862793 0.90780783 0.90767837 0.90659934 0.91005224 0.90646988 0.90435493 0.90975010 0.90893006 0.90895361
0.90845525 0.90819627 0.90621090 0.90552032 0.90957743 0.90413916 0.90431178 0.91000909 0.90910268 0.90916938
0.90875739 0.90893006 0.90780783 0.90668565 0.91108811 0.90504551 0.90556347 0.90957743 0.91074282 0.90968716
0.90953428 0.90905952 0.90910268 0.90616775 0.90884370 0.90534765 0.90590876 0.91069967 0.90949112 0.90994608
0.91139024 0.90694463 0.90802366 0.90646988 0.91039753 0.90642667 0.90577930 0.91238290 0.90923214 0.91011864
0.90992272 0.90949112 0.91000909 0.90698779 0.91130388 0.90750569 0.90638351 0.91018170 0.91048384 0.91016179
0.91048384 0.90983641 0.90927535 0.90841210 0.91130388 0.90724677 0.90685833 0.91048384 0.91087228 0.91037756
0.91061330 0.90927535 0.91082913 0.90733308 0.91031116 0.90750569 0.90629721 0.91186500 0.91255558 0.91102481
0.91039753 0.91091543 0.90983641 0.90949112 0.91216713 0.90659934 0.90569293 0.91303033 0.91255558 0.90973032
0.91061330 0.91009539 0.91000909 0.90728992 0.91078597 0.90716040 0.90642667 0.91160601 0.91039753 0.91080904
0.91130388 0.91005224 0.91000909 0.90767837 0.91221029 0.90789419 0.90685833 0.91095859 0.91156286 0.91050702
0.91104496 0.91069967 0.91134703 0.90858477 0.91156286 0.90772152 0.90668565 0.91126072 0.91186500 0.91046387
0.91242611 0.91104496 0.91121757 0.90957743 0.91216713 0.90763521 0.90854156 0.91359144 0.91065645 0.91188782
0.91246927 0.90983641 0.91069967 0.90858477 0.91346198 0.90901637 0.90741938 0.91233975 0.91281456 0.91154259
0.91337562 0.91005224 0.91134703 0.90828264 0.91108811 0.90793735 0.91005224 0.91436833 0.91277140 0.91141313
0.91285771 0.91117442 0.91160601 0.91069967 0.91294402 0.90862793 0.90772152 0.91251242 0.91385043 0.91283709
0.91113126 0.91139024 0.91221029 0.90936166 0.91246927 0.90905952 0.90987957 0.91268504 0.91320300 0.91188782
0.91277140 0.91169232 0.91259873 0.90987957 0.91311669 0.90931851 0.90806681 0.91419572 0.91082913 0.91283709
0.91303033 0.91100174 0.91221029 0.91100174 0.91419572 0.90931851 0.90884370 0.91458416 0.91268504 0.91188782
0.91259873 0.91208082 0.91104496 0.91190815 0.91294402 0.90763521 0.90936166 0.91471362 0.91229659 0.91482198
0.91376406 0.91190815 0.91268504 0.91151971 0.91393673 0.91082913 0.90979326 0.91445464 0.91458416 0.91482198
0.91346198 0.91385043 0.91385043 0.91113126 0.91389358 0.91018170 0.91009539 0.91397989 0.91311669 0.91417474
0.91367775 0.91134703 0.91268504 0.91233975 0.91475677 0.91009539 0.91013855 0.91462731 0.91449779 0.91447681
0.91423887 0.91389358 0.91441149 0.91221029 0.91410935 0.91078597 0.91087228 0.91592216 0.91436833 0.91443366
0.91363460 0.91225344 0.91454101 0.91117442 0.91479993 0.91108811 0.90992272 0.91536105 0.91488630 0.91292340
0.91514522 0.91233975 0.91471362 0.91061330 0.91518837 0.91229659 0.91100174 0.91488630 0.91397989 0.91469258
0.91592216 0.91298717 0.91419572 0.91307348 0.91514522 0.90944797 0.91143340 0.91557688 0.91436833 0.91348433
0.91553366 0.91479993 0.91505891 0.91225344 0.91419572 0.91233975 0.91199446 0.91669905 0.91501576 0.91546923
0.91462731 0.91523159 0.91557688 0.91173553 0.91376406 0.91057014 0.90992272 0.91592216 0.91479993 0.91447681
0.91557688 0.91471362 0.91458416 0.91359144 0.91303033 0.90905952 0.91074282 0.91674221 0.91484308 0.91538298
0.91704434 0.91359144 0.91475677 0.91259873 0.91492945 0.91233975 0.91139024 0.91734648 0.91410935 0.91408843
0.91441149 0.91501576 0.91592216 0.91212398 0.91510206 0.91173553 0.91156286 0.91626745 0.91492945 0.91469258
0.91570634 0.91449779 0.91687167 0.91281456 0.91708750 0.91216713 0.91320300 0.91587895 0.91600847 0.91542614
0.91687167 0.91492945 0.91665590 0.91212398 0.91505891 0.91367775 0.91315985 0.91605163 0.91488630 0.91456312
0.91652638 0.91553366 0.91747594 0.91445464 0.91648322 0.91320300 0.91354829 0.91691482 0.91510206 0.91564184
0.91864127 0.91531789 0.91479993 0.91341877 0.91544735 0.91354829 0.91333246 0.91540420 0.91605163 0.91590077
0.91389358 0.91436833 0.91544735 0.91415250 0.91363460 0.91315985 0.91311669 0.91730326 0.91704434 0.91473573
0.91587895 0.91467047 0.91730326 0.91385043 0.91544735 0.91290087 0.91117442 0.91639692 0.91574949 0.91585761
0.91730326 0.91536105 0.91661274 0.91441149 0.91639692 0.91294402 0.91307348 0.91618109 0.91605163 0.91654801
0.91708750 0.91674221 0.91635376 0.91471362 0.91613793 0.91397989 0.91350514 0.91726011 0.91704434 0.91559869
0.91734648 0.91661274 0.91713065 0.91389358 0.91635376 0.91341877 0.91367775 0.91682851 0.91622424 0.91719526
0.91605163 0.91518837 0.91760540 0.91518837 0.91708750 0.91393673 0.91389358 0.91726011 0.91738963 0.91628909
0.91704434 0.91553366 0.91674221 0.91510206 0.91536105 0.91467047 0.91354829 0.91872764 0.91769177 0.91736788
0.91734648 0.91570634 0.91812336 0.91523159 0.91717380 0.91229659 0.91221029 0.91950452 0.91678536 0.91749728
0.91799384 0.91726011 0.91644007 0.91380721 0.91743279 0.91380721 0.91488630 0.91799384 0.91644007 0.91719526
0.91846865 0.91764855 0.91579264 0.91557688 0.91669905 0.91527474 0.91674221 0.91924554 0.91730326 0.91702265
0.91954768 0.91626745 0.91825283 0.91618109 0.91626745 0.91346198 0.91467047 0.91881394 0.91833913 0.91840345
0.91890025 0.91756225 0.91808021 0.91656953 0.91518837 0.91393673 0.91479993 0.91907293 0.91769177 0.91693634
0.91877079 0.91859812 0.91980666 0.91596532 0.91743279 0.91523159 0.91501576 0.91920239 0.91691482 0.91577131
