# pytorch neural network ReLU CrossEntropyLoss Adam:
#  unit=[40],batch=64,lr=1e-03,betas=(0.9, 0.999),eps=1e-08,decay=0.0,amsgrad=False,epoch=128
0.70149331 0.75188396 0.67167384 0.71152887 0.69713584 0.67829443 0.68597037 0.77801469 0.67888916 0.65714655
0.43088077 0.46685499 0.45397175 0.43602683 0.45539798 0.45568289 0.45724334 0.46645401 0.45001847 0.43959281
0.36621208 0.37854693 0.37815708 0.37394430 0.37650287 0.37586180 0.38241015 0.37968089 0.37199825 0.37350749
0.35499664 0.36700375 0.36771993 0.36623694 0.36546689 0.36723377 0.37665760 0.37057169 0.36221842 0.36237850
0.34971825 0.36052035 0.36169128 0.35887976 0.35929775 0.36022496 0.36082642 0.36467675 0.35609493 0.35677376
0.34944749 0.35980178 0.35750083 0.35723088 0.35765493 0.35493357 0.35583943 0.35939213 0.35203936 0.35362487
0.34146077 0.35493345 0.35513995 0.35064569 0.35047855 0.35149305 0.35237764 0.35596195 0.34875924 0.35053810
0.33602296 0.35077840 0.35120002 0.34777600 0.34678822 0.34785772 0.34915822 0.35332845 0.34767404 0.34888413
0.33149038 0.34648967 0.34971444 0.34485698 0.34353012 0.34690256 0.34722080 0.34913279 0.34231708 0.34764246
0.32747324 0.34381900 0.34438048 0.34006839 0.34030003 0.34074101 0.34343440 0.34562250 0.33951402 0.34299814
0.32496988 0.34115465 0.34159682 0.33702251 0.33653226 0.33734859 0.33994774 0.34386844 0.33621250 0.34010562
0.32280929 0.33640907 0.33667216 0.33678036 0.33283069 0.33632569 0.33635011 0.34011971 0.33196035 0.33584563
0.31639962 0.33193223 0.33280247 0.32917038 0.33003057 0.33188855 0.33651717 0.33459193 0.32891150 0.33217289
0.31256475 0.32869972 0.32929198 0.32455268 0.32627381 0.32679827 0.33427887 0.32949648 0.32586568 0.32878490
0.30969123 0.32455897 0.32535096 0.32258104 0.32207465 0.32316779 0.32624292 0.32519343 0.32215188 0.32543938
0.30680076 0.32092083 0.32077742 0.32271499 0.31813826 0.32071338 0.32249510 0.32243004 0.31886347 0.32108316
0.30379676 0.31767996 0.31614136 0.31457424 0.31540100 0.31641529 0.31985629 0.31726935 0.31470417 0.31741798
0.30164033 0.31382221 0.31223140 0.30934294 0.31079072 0.31616552 0.31535494 0.31376081 0.31128182 0.31360658
0.30053089 0.31008731 0.31296984 0.30580844 0.30945111 0.31104192 0.31150852 0.30931302 0.30785204 0.30935989
0.29762900 0.30971417 0.30608363 0.30289234 0.30434398 0.30745550 0.30822493 0.30563789 0.30589340 0.30720089
0.29389594 0.30539542 0.30137266 0.29925979 0.30146383 0.30490812 0.30719196 0.30308180 0.30229700 0.30287892
0.29145109 0.30103782 0.30083573 0.29690532 0.29804728 0.30349957 0.30201922 0.30263844 0.29885376 0.29936603
0.29032365 0.29698102 0.29713362 0.29496196 0.29692303 0.29909670 0.30013408 0.29714211 0.29533017 0.29700376
0.28734524 0.29416270 0.29459810 0.29226316 0.29253900 0.29669198 0.29686676 0.29321048 0.29300174 0.29472181
0.28537024 0.29203015 0.29088980 0.29106571 0.29128438 0.29682316 0.29440488 0.29029427 0.29128914 0.29010484
0.28395149 0.28984569 0.28760494 0.28915184 0.28726204 0.29439128 0.29068235 0.28836500 0.28798839 0.28713464
0.28221741 0.28737051 0.28540488 0.28623633 0.28422479 0.29017340 0.29015556 0.28551462 0.28610901 0.28407703
0.28112045 0.28522168 0.28366741 0.28337145 0.28377601 0.28741895 0.29223890 0.28295901 0.28329422 0.28301245
0.28017887 0.28332860 0.28304153 0.28144613 0.28305663 0.28597562 0.28652987 0.28146858 0.28168150 0.27962550
0.27797275 0.28038274 0.28015656 0.27978585 0.27964461 0.28464672 0.28692200 0.27901931 0.27906342 0.27651094
0.27649734 0.27900188 0.27686381 0.28025152 0.27535531 0.28313359 0.28275838 0.27899158 0.27715776 0.27557992
0.27442532 0.27631233 0.27505089 0.27710433 0.27422834 0.28023737 0.27929778 0.27658496 0.27588437 0.27305522
0.27261993 0.27698806 0.27325300 0.27993329 0.27379411 0.27851488 0.27803292 0.27322781 0.27365863 0.27109482
0.27214394 0.27485317 0.27173547 0.27547063 0.27102191 0.27713487 0.27746979 0.27142658 0.27233233 0.26897939
0.26989099 0.27367367 0.27081603 0.27212549 0.26849633 0.27509662 0.27493132 0.26904548 0.26963996 0.26642391
0.26865933 0.27020303 0.26846182 0.27068782 0.26671512 0.27433452 0.27256830 0.26880763 0.26899512 0.26727849
0.26681546 0.26964783 0.26831739 0.26901063 0.26953787 0.27248325 0.27167105 0.26699371 0.26686315 0.26701011
0.26511003 0.26815585 0.26741272 0.26714413 0.26492925 0.27206226 0.27051941 0.26490705 0.26533425 0.26220320
0.26425975 0.26868263 0.26375650 0.26663116 0.26233136 0.27327257 0.27223965 0.26813823 0.26384430 0.26044850
0.26308364 0.26807535 0.26452236 0.26630557 0.26060542 0.26980612 0.26857465 0.26484242 0.26407143 0.25956944
0.26842629 0.26467175 0.26288688 0.26424367 0.25921427 0.26752882 0.26619787 0.26310108 0.26164401 0.25826227
0.26711138 0.26396498 0.26098466 0.26409753 0.25792805 0.26704007 0.26467465 0.26103250 0.25882950 0.25699668
0.26037411 0.26147889 0.25888273 0.26300580 0.25730259 0.26477783 0.26364463 0.25815895 0.25870482 0.25541446
0.25845097 0.25953143 0.25691219 0.26107698 0.25623690 0.26358654 0.26240487 0.25763678 0.25716200 0.25450440
0.25849921 0.25870097 0.25660506 0.26316876 0.25600477 0.26191147 0.26138658 0.25574797 0.25570142 0.25346740
0.25686637 0.26166018 0.25564724 0.26128805 0.25298111 0.26100579 0.26094249 0.25360939 0.25439716 0.25182898
0.25732139 0.25878459 0.25726599 0.25845343 0.25137237 0.26014299 0.25912853 0.25341998 0.25331651 0.25074332
0.25605978 0.25646494 0.25399228 0.25815069 0.25105184 0.25903897 0.25808421 0.25177090 0.25208912 0.24958959
0.26346373 0.25474842 0.25106459 0.25694399 0.24986852 0.25831059 0.25618875 0.25340400 0.25100689 0.24820266
0.25504959 0.25395437 0.24958496 0.25486710 0.24865244 0.25663607 0.25642728 0.25026475 0.24993719 0.24779533
0.25114320 0.25225429 0.24955617 0.25510644 0.24707949 0.25661397 0.25558587 0.24901002 0.24897750 0.24639452
0.25066694 0.25215105 0.24870166 0.25500786 0.24855773 0.25517143 0.25571538 0.24813568 0.24821373 0.24614270
0.24953241 0.25135840 0.24707804 0.25443549 0.24658322 0.25364802 0.25420338 0.24652213 0.24721022 0.24397892
0.24894933 0.25143685 0.25044688 0.25117190 0.24416151 0.25320039 0.25417777 0.24558148 0.24670542 0.24353747
0.24830170 0.24844603 0.24814603 0.25048371 0.24544219 0.25201762 0.25216796 0.24401504 0.24580873 0.24461368
0.24720735 0.25072479 0.24447597 0.24961198 0.24314201 0.25153180 0.25057172 0.24676638 0.24520054 0.24379105
0.24695273 0.24735600 0.24400017 0.24945190 0.24080098 0.24986742 0.25120835 0.24749319 0.24383646 0.24095701
0.24627351 0.24520206 0.24412330 0.24764735 0.24079020 0.24905452 0.25035203 0.24317765 0.24285708 0.24045417
0.24454141 0.24646332 0.24220136 0.24685672 0.24009589 0.24867283 0.24813484 0.24077514 0.24139951 0.23961977
0.24330090 0.24483820 0.24321388 0.24659511 0.23943490 0.25164749 0.24769505 0.23936055 0.24070160 0.23885505
0.24255229 0.24312026 0.24041764 0.24505504 0.23821027 0.24944968 0.24712430 0.23962500 0.24097492 0.23754179
0.24256048 0.24482670 0.23995546 0.24435873 0.23760317 0.24788138 0.24629326 0.23888933 0.24203491 0.23723300
0.24393559 0.24295576 0.23893417 0.24374941 0.23667403 0.24687195 0.24628974 0.23821999 0.23978340 0.23625259
0.24434041 0.24060412 0.23751507 0.24340562 0.23709144 0.24867277 0.24623163 0.24574762 0.23724352 0.23572075
0.24056994 0.23989160 0.23824686 0.24383368 0.23607952 0.24564199 0.24719988 0.24608703 0.23643795 0.23537110
0.23881714 0.23924762 0.23706762 0.24225685 0.23588543 0.24350353 0.24339772 0.24369604 0.23631063 0.23466902
0.23807866 0.24091955 0.24008838 0.24044003 0.23677404 0.24458207 0.24231095 0.23656346 0.23559319 0.23468222
0.23684879 0.23894643 0.24275484 0.24219786 0.23458317 0.24366599 0.24130435 0.23439551 0.23516356 0.23286726
0.23628378 0.23770801 0.23706450 0.24047895 0.23313373 0.24429654 0.24053841 0.23334202 0.23373765 0.23282897
0.23759813 0.23628269 0.23423840 0.23886589 0.23216309 0.24252110 0.24035974 0.23252298 0.23334754 0.23127682
0.23766116 0.23775601 0.23336590 0.23885401 0.23188629 0.24069417 0.24011937 0.23165504 0.23262744 0.23141304
0.23516732 0.23547739 0.23280269 0.23741543 0.23144120 0.23930389 0.23940368 0.23163840 0.23506318 0.22962875
0.23431141 0.23436347 0.23209215 0.23786195 0.23327810 0.23883767 0.23876064 0.23090664 0.23341836 0.22963017
0.23331682 0.23390383 0.23219783 0.23646592 0.22994752 0.23802176 0.23795335 0.23049443 0.23139856 0.22856017
0.23272690 0.23308702 0.23155765 0.23586498 0.23433423 0.23717319 0.23785608 0.23100689 0.23009983 0.22839031
0.23178996 0.23306611 0.23029981 0.23433971 0.22977302 0.23728825 0.23770531 0.23399487 0.22923408 0.22771512
0.23087805 0.23270307 0.23040020 0.23542417 0.22843926 0.23584965 0.23783718 0.23026066 0.22939634 0.22660077
0.24085280 0.23515392 0.22911039 0.23407801 0.22758775 0.23545467 0.23693005 0.22750340 0.23146614 0.22563916
0.23286006 0.23542682 0.22952966 0.23398017 0.22782300 0.23470500 0.23588477 0.22745784 0.22851652 0.22612426
0.22869571 0.23038099 0.23121692 0.23261924 0.22613970 0.23369222 0.23445455 0.22694053 0.22798828 0.22549808
0.22856536 0.22829043 0.22974649 0.23368362 0.22669128 0.23382417 0.23334417 0.22567764 0.22673894 0.22481376
0.23259329 0.22877244 0.22891632 0.23154245 0.22521440 0.23457368 0.23483105 0.22457936 0.22596414 0.22404452
0.23001441 0.22961478 0.22626618 0.23186446 0.22578453 0.23254364 0.23334067 0.22475374 0.22545961 0.22404068
0.22654753 0.23056450 0.22585378 0.23073679 0.22600733 0.23531751 0.23295430 0.22423627 0.22475534 0.22299961
0.22581118 0.22905706 0.22627601 0.22949310 0.22351056 0.23196755 0.23202324 0.22333417 0.22546502 0.22242158
0.22529818 0.22650837 0.22519683 0.22987637 0.22327799 0.23045189 0.23052260 0.22450451 0.22568262 0.22173580
0.22523906 0.22557419 0.22488161 0.22844049 0.22327045 0.22973571 0.22937208 0.22595657 0.22423934 0.22151812
0.22466502 0.22476405 0.22409692 0.22891378 0.22315568 0.23107434 0.22937419 0.22231001 0.22293896 0.22061058
0.22457708 0.22631175 0.22389412 0.22807388 0.22215258 0.23069159 0.22946844 0.22043358 0.22332384 0.22220234
0.22406821 0.22439885 0.22315790 0.22830341 0.22284850 0.22900139 0.22940811 0.22051047 0.22455558 0.22094127
0.22324141 0.22442724 0.22270236 0.23055166 0.22164054 0.22783140 0.23273113 0.22097145 0.22215171 0.22029661
0.22298762 0.22298906 0.22351817 0.22920032 0.22128830 0.22771086 0.23046664 0.21964907 0.22288699 0.21902572
0.22151878 0.22275378 0.22174965 0.22584214 0.21963430 0.22804038 0.22801454 0.22019325 0.22291495 0.21881245
0.22217298 0.22484466 0.22094747 0.22613397 0.22182092 0.22706437 0.22681930 0.21889212 0.22062925 0.21922300
0.22169418 0.22552295 0.22045653 0.22623833 0.22253647 0.22783043 0.22530993 0.22062595 0.21969246 0.21770496
0.22186514 0.22139679 0.22120366 0.22386949 0.21947394 0.22607763 0.22592510 0.22493413 0.22005742 0.21856682
0.22066125 0.22119991 0.21960691 0.22375988 0.21984495 0.22576894 0.22485536 0.22033925 0.22488908 0.21639464
0.21921951 0.22263701 0.21839444 0.22350993 0.22107635 0.22451145 0.22513603 0.21832396 0.22053979 0.21670790
0.22400957 0.22337549 0.22182110 0.22367799 0.22143275 0.22339867 0.22385247 0.21743318 0.21755048 0.21901601
0.22061923 0.22107877 0.22215885 0.22281437 0.21870722 0.22433819 0.22301904 0.21697718 0.21750710 0.21555603
0.21847581 0.21922987 0.21837322 0.22268660 0.21715262 0.22305657 0.22353931 0.21814104 0.21707588 0.21591625
0.22013427 0.21754205 0.21778872 0.22184166 0.21735417 0.22313544 0.22406261 0.21687820 0.21692806 0.21466443
0.21866503 0.21857008 0.21800044 0.22037003 0.21585860 0.22172490 0.22352570 0.21453549 0.21708142 0.21465661
0.21833509 0.21748397 0.21714497 0.22186946 0.21659257 0.22186143 0.22187220 0.21496360 0.21575807 0.21480221
0.21711849 0.21718181 0.21603720 0.22120269 0.21535155 0.22110284 0.22238489 0.21461370 0.21722630 0.21412644
0.21657558 0.21885212 0.21558880 0.21997399 0.21511672 0.22079812 0.22053420 0.21455206 0.21599601 0.21387196
0.21496112 0.22004333 0.21462987 0.21876611 0.21438003 0.22134016 0.22084107 0.21363729 0.21495567 0.21338233
0.21411714 0.21715940 0.21433822 0.22026450 0.21466108 0.21974787 0.22082120 0.21381477 0.21518048 0.21284416
0.21385161 0.21524566 0.21475403 0.22034464 0.21594643 0.22367449 0.22045014 0.21268655 0.21573662 0.21215812
0.21400892 0.21510404 0.21450149 0.21822788 0.21518083 0.22212785 0.21905404 0.21175208 0.21368062 0.21253938
0.21283874 0.21515162 0.21378962 0.21778688 0.21358802 0.21947252 0.21888240 0.21170079 0.21463509 0.21290076
0.21370413 0.21496934 0.21305494 0.21795772 0.21330675 0.21912583 0.21791881 0.21138663 0.21253273 0.21116581
0.21326946 0.21430792 0.21322634 0.21790261 0.21234338 0.21748721 0.21730578 0.21148964 0.21316402 0.21193389
0.21216514 0.21405291 0.21309937 0.21732019 0.21222181 0.21672776 0.21720635 0.21028976 0.21593945 0.21193720
0.21166272 0.21345976 0.21160289 0.21625530 0.21137049 0.21615308 0.21639164 0.21048125 0.21406276 0.21096325
0.21124578 0.21502924 0.21261970 0.21507175 0.21673455 0.21695732 0.21624677 0.21080633 0.21087677 0.21043027
0.21384312 0.21410389 0.21217044 0.21502277 0.21281971 0.21614869 0.22166943 0.20916127 0.21098280 0.21054485
0.21168822 0.21383751 0.21161526 0.21518978 0.21098595 0.21526048 0.21900884 0.20970240 0.21049104 0.21045526
0.21069055 0.21161136 0.21127045 0.21456847 0.21037159 0.21501833 0.21554424 0.20995876 0.21080463 0.20925663
0.21055399 0.21111018 0.21023250 0.21445809 0.21005680 0.21405034 0.21497044 0.20897568 0.21060226 0.20933188
0.20975254 0.21058900 0.20965482 0.21468652 0.20961684 0.21462640 0.21442756 0.20826002 0.20941804 0.20897625
0.21037910 0.21402598 0.21045436 0.21545684 0.20945250 0.21397514 0.21381599 0.20721124 0.20890853 0.20929768
0.20969619 0.21290748 0.21054688 0.21536241 0.20911169 0.21578848 0.21460694 0.20750208 0.20872968 0.20954438
0.20825159 0.21010007 0.20988299 0.21294537 0.20860635 0.21467935 0.21499809 0.20842947 0.21267052 0.20847745
0.20860618 0.20915599 0.21143473 0.21358924 0.20925089 0.21249171 0.21308700 0.20832004 0.21057861 0.20885008
0.20762190 0.20814110 0.21157109 0.21137934 0.20780581 0.21256988 0.21190703 0.20770756 0.20896290 0.20720840
0.20759827 0.21018272 0.20800136 0.21117623 0.21103435 0.21397865 0.21271777 0.20793236 0.20817099 0.20624586
0.20707233 0.20896995 0.20765077 0.21152428 0.20989508 0.21302990 0.21212750 0.20593070 0.20885152 0.20753332
0.20677179 0.20798958 0.20710140 0.21162604 0.20840604 0.21308011 0.21207448 0.20523800 0.20676571 0.20775806
