# pytorch neural network ReLU CrossEntropyLoss Adam:
#  unit=[80],batch=64,lr=1e-03,betas=(0.9, 0.999),eps=1e-08,decay=0.0,amsgrad=False,epoch=64
0.50123012 0.48901549 0.58694810 0.69182962 0.63140404 0.30148041 0.55945444 0.28374121 0.63403684 0.38299891
0.80327159 0.78855366 0.78630930 0.78518713 0.78751779 0.76857007 0.78238165 0.77551901 0.78721565 0.77859765
0.83529717 0.82869351 0.82821876 0.82895249 0.82985884 0.82774395 0.83136952 0.82903880 0.82951355 0.82809061
0.83961326 0.83413184 0.83206010 0.83141267 0.83223271 0.83244854 0.83667833 0.83348441 0.83404547 0.83322543
0.84569901 0.83788681 0.83430445 0.83577192 0.83719623 0.83564246 0.83870691 0.83559930 0.83827525 0.83749729
0.84979928 0.83948380 0.83771420 0.83853424 0.84017438 0.84073550 0.84133971 0.84021753 0.84151238 0.83892125
0.85493547 0.84336829 0.84069228 0.84267771 0.84414518 0.84263456 0.84345460 0.84272087 0.84427470 0.84289104
0.85657561 0.84600115 0.84474945 0.84556949 0.84790021 0.84595793 0.84828866 0.84716648 0.84742546 0.84629989
0.85929477 0.85014457 0.84954035 0.84837496 0.85126680 0.85048985 0.85074884 0.85014457 0.84979928 0.85005397
0.86222970 0.85372698 0.85083514 0.85083514 0.85463333 0.85156888 0.85433120 0.85260475 0.85187101 0.85380799
0.86533731 0.85618716 0.85545343 0.85506493 0.85903579 0.85592818 0.85597134 0.85389960 0.85463333 0.85579288
0.86693424 0.85959685 0.85847467 0.85765463 0.86058956 0.85912210 0.85929477 0.85787046 0.85907894 0.85855448
0.87030083 0.86067593 0.86011481 0.86067593 0.86240232 0.86227286 0.86002851 0.86084855 0.86352456 0.86122978
0.87444431 0.86412877 0.86464673 0.86499202 0.86633003 0.86486256 0.86430144 0.86335188 0.86481935 0.86394823
0.87530750 0.86779749 0.86611420 0.86732274 0.87012821 0.86896282 0.86525100 0.86494887 0.86753851 0.86554480
0.87664551 0.87094826 0.86965340 0.86887652 0.87327898 0.87030083 0.87047350 0.86797011 0.87068927 0.86912620
0.87794036 0.87319261 0.87297684 0.87301999 0.87483275 0.87362427 0.87181145 0.87017137 0.87207043 0.87201726
0.88014156 0.87604123 0.87478960 0.87375373 0.87578231 0.87513489 0.87582546 0.87276101 0.87509173 0.87555557
0.88191116 0.87966681 0.87612760 0.87776768 0.87768137 0.87690449 0.87884676 0.87604123 0.87884676 0.87603021
0.88398290 0.87837195 0.87975311 0.87936467 0.88018471 0.88070267 0.88031423 0.87617075 0.88040054 0.87870550
0.88458717 0.88143641 0.88074583 0.87983942 0.88087529 0.88182485 0.88337862 0.87690449 0.88053000 0.87995684
0.88497561 0.88359445 0.88229960 0.88316286 0.88389659 0.88342184 0.88381028 0.87983942 0.88251543 0.88245952
0.88721997 0.88527775 0.88415557 0.88471663 0.88614094 0.88514829 0.88691789 0.88294703 0.88311970 0.88470334
0.88734949 0.88756526 0.88566619 0.88683152 0.88739264 0.88734949 0.88665891 0.88324916 0.88562304 0.88586837
0.89011180 0.88855797 0.88674521 0.88847166 0.88864434 0.88786739 0.88920540 0.88545036 0.88614094 0.88824165
0.89024127 0.88959384 0.88959384 0.88903278 0.88873065 0.88799691 0.88942122 0.88739264 0.88816953 0.89018339
0.89127713 0.89140660 0.88968015 0.88980967 0.89058656 0.89153612 0.89028442 0.88842851 0.89119083 0.89078748
0.89287412 0.89516163 0.89205402 0.89347833 0.89201087 0.89365101 0.89205402 0.88963699 0.88976651 0.89065802
0.89369416 0.89490265 0.89214039 0.89183825 0.89343518 0.89481634 0.89421207 0.88993913 0.89222670 0.89329016
0.89503217 0.89680177 0.89153612 0.89511847 0.89580905 0.89460057 0.89602488 0.89339203 0.89356470 0.89549083
0.89386678 0.89680177 0.89460057 0.89473003 0.89567959 0.89667225 0.89593852 0.89222670 0.89546376 0.89631069
0.89576590 0.89990938 0.89529115 0.89835554 0.89680177 0.89792395 0.89706075 0.89662910 0.89360785 0.89807981
0.89770812 0.90042728 0.89619750 0.89952093 0.89731967 0.89813977 0.89960724 0.89667225 0.89662910 0.90006471
0.89852822 0.90275800 0.89719021 0.89982301 0.89930511 0.89870083 0.89917564 0.89723337 0.89788079 0.89941746
0.89956409 0.90357804 0.89757866 0.90021151 0.90025467 0.90301698 0.90137684 0.90029782 0.89796710 0.90040994
0.89805341 0.90366435 0.89874399 0.90120417 0.90150630 0.90271485 0.90185159 0.89947778 0.90107471 0.90097088
0.90038413 0.90422547 0.90072942 0.90137684 0.90275800 0.90310329 0.90284431 0.89904612 0.90241271 0.90317154
0.90051359 0.90556347 0.90059996 0.90314645 0.90379387 0.90431178 0.90340543 0.90103155 0.90150630 0.90368932
0.90275800 0.90672880 0.90064311 0.90353489 0.90452760 0.90487289 0.90452760 0.90241271 0.90353489 0.90649408
0.90254217 0.90750569 0.90236956 0.90677196 0.90461391 0.90694463 0.90452760 0.90327591 0.90413916 0.90459549
0.90439814 0.90927535 0.90297383 0.90534765 0.90590876 0.90681511 0.90465707 0.90530449 0.90625405 0.90692556
0.90552032 0.90875739 0.90413916 0.90746254 0.90845525 0.90880054 0.90733308 0.90482974 0.90595192 0.90593314
0.90517503 0.90940481 0.90470022 0.90828264 0.90707409 0.90780783 0.90741938 0.90517503 0.90681511 0.90908307
0.90517503 0.91117442 0.90668565 0.90845525 0.90914583 0.91091543 0.90720361 0.90612459 0.90789419 0.90826321
0.90776467 0.91251242 0.90612459 0.91156286 0.90918899 0.90992272 0.90810996 0.90599507 0.90901637 0.90921253
0.90595192 0.91173553 0.90759206 0.91169232 0.90979326 0.90918899 0.91039753 0.90875739 0.90901637 0.91106796
0.90746254 0.91177869 0.90858477 0.91199446 0.91121757 0.91277140 0.91095859 0.90970695 0.91186500 0.91145629
0.90884370 0.91488630 0.90944797 0.91233975 0.91022485 0.91246927 0.90914583 0.91074282 0.91039753 0.91106796
0.90983641 0.91583580 0.90810996 0.91303033 0.91229659 0.91458416 0.90750569 0.91035438 0.91221029 0.91266453
0.91026801 0.91553366 0.90854156 0.91307348 0.91479993 0.91311669 0.91139024 0.90957743 0.91315985 0.91223300
0.91117442 0.91514522 0.91065645 0.91385043 0.91385043 0.91415250 0.91385043 0.91298717 0.91242611 0.91357064
0.91151971 0.91626745 0.91139024 0.91315985 0.91540420 0.91531789 0.91277140 0.91268504 0.91324615 0.91382957
0.91134703 0.91777807 0.91169232 0.91544735 0.91479993 0.91656953 0.91367775 0.91389358 0.91372091 0.91568500
0.91285771 0.91665590 0.91203761 0.91756225 0.91566318 0.91743279 0.91359144 0.91376406 0.91553366 0.91564184
0.91410935 0.91963398 0.91294402 0.91600847 0.91510206 0.91566318 0.91566318 0.91639692 0.91527474 0.91719526
0.91393673 0.91937500 0.91410935 0.91756225 0.91769177 0.91812336 0.91570634 0.91428202 0.91786438 0.91615963
0.91290087 0.92075616 0.91380721 0.91825283 0.91786438 0.91769177 0.91471362 0.91458416 0.91669905 0.91581446
0.91760540 0.92058355 0.91656953 0.91842550 0.91920239 0.91898656 0.91454101 0.91609478 0.91721696 0.91887808
0.91652638 0.92114460 0.91583580 0.91959083 0.91803706 0.92002243 0.91751909 0.91596532 0.91859812 0.91827399
0.91592216 0.92006558 0.91311669 0.91993612 0.91972029 0.91972029 0.91760540 0.91713065 0.91846865 0.91844660
0.91833913 0.92265528 0.91553366 0.92054039 0.92058355 0.91941822 0.91868442 0.91967714 0.91816652 0.91969794
0.91833913 0.92256898 0.91782123 0.92036772 0.92084253 0.91984981 0.91946137 0.91738963 0.91816652 0.91939592
0.91846865 0.92226684 0.91777807 0.92049724 0.92092884 0.92054039 0.91972029 0.91937500 0.91959083 0.92181230
0.92028141 0.92347533 0.92032456 0.91924554 0.91730326 0.92101514 0.92006558 0.91877079 0.92066985 0.92077672
0.92010880 0.92364800 0.91933185 0.92148989 0.92317319 0.92002243 0.92131728 0.92105830 0.92127413 0.92289102
