# pytorch neural network ReLU CrossEntropyLoss Adam:
#  unit=[80],batch=64,lr=1e-03,betas=(0.9, 0.999),eps=1e-08,decay=0.0,amsgrad=False,epoch=64
0.69470958 0.69501814 0.67826452 0.66441599 0.66732715 0.72592434 0.69613892 0.76119655 0.65741385 0.71248920
0.41028364 0.42124498 0.43169411 0.43116386 0.42442599 0.44302469 0.43051354 0.43401237 0.42410427 0.43668245
0.35917945 0.36936451 0.37161303 0.37188959 0.37427825 0.37171280 0.36570465 0.37172660 0.36884119 0.37091829
0.35071717 0.36143713 0.37098996 0.36037792 0.35936839 0.36114686 0.36290436 0.36552256 0.35800873 0.35949481
0.34307619 0.35529797 0.36124066 0.35421093 0.35425443 0.35497725 0.35252043 0.35869768 0.35171208 0.35368117
0.33774002 0.35065543 0.35371609 0.35414684 0.34773281 0.35110660 0.34801727 0.35246339 0.34735379 0.34929549
0.32972919 0.34958134 0.34912072 0.35037779 0.34352080 0.35065124 0.34275409 0.34721518 0.34441991 0.34514225
0.32349426 0.34171062 0.34408948 0.34258528 0.34005201 0.34302517 0.33957116 0.34379048 0.33949343 0.34086571
0.31880456 0.33679702 0.34028234 0.33694983 0.33449718 0.33770981 0.33409832 0.33928042 0.33571517 0.33802029
0.31241533 0.33272936 0.33435332 0.33334944 0.33015210 0.33335980 0.32949380 0.33381629 0.33069334 0.33395866
0.30773965 0.32839835 0.32860509 0.32773018 0.32541321 0.32894090 0.32511122 0.32860044 0.32528207 0.32737715
0.30451796 0.32120869 0.32286933 0.32436515 0.31966171 0.32431208 0.32029104 0.32363743 0.32091451 0.32335244
0.30032663 0.31746730 0.31827168 0.31793607 0.31489741 0.31898151 0.31600879 0.31867503 0.31510920 0.31978310
0.29477834 0.31144500 0.31243269 0.31232785 0.31038572 0.31397984 0.31050060 0.31353891 0.31405044 0.31580237
0.29248939 0.30629616 0.30786452 0.30767699 0.30581301 0.31085418 0.30552313 0.31024214 0.30604044 0.31077842
0.28825561 0.30221443 0.30331609 0.30299571 0.30134536 0.30549215 0.30056510 0.30605924 0.30213364 0.30433000
0.28496000 0.29733604 0.29981319 0.29941720 0.30994756 0.30219679 0.29642621 0.30131270 0.29700068 0.30287715
0.28159061 0.29279680 0.29544501 0.29663290 0.30205901 0.29649358 0.29156525 0.29686420 0.29205794 0.29615075
0.27985979 0.29256201 0.29102209 0.29128089 0.29113919 0.29780517 0.28987748 0.29283213 0.28778330 0.29194471
0.27632037 0.29203694 0.28706918 0.28901823 0.28683449 0.28993099 0.28476657 0.30072925 0.28462361 0.28801908
0.27473100 0.28383655 0.28429127 0.28647911 0.28333122 0.28484086 0.27978987 0.28960418 0.28152228 0.28469329
0.27169931 0.27851122 0.28075775 0.27975243 0.28090487 0.28149775 0.27740096 0.28353600 0.28217664 0.28044852
0.26905590 0.27622365 0.27759129 0.27694121 0.27746621 0.27925851 0.27385105 0.27846636 0.27642689 0.27847816
0.26728661 0.27234785 0.27426569 0.27354185 0.27508948 0.27489729 0.27032227 0.27621363 0.27193660 0.27425891
0.26455262 0.26978463 0.27270664 0.27047531 0.27192385 0.27174323 0.27048756 0.27510556 0.26972626 0.27052030
0.26295805 0.26649433 0.26904634 0.26893996 0.26904131 0.26856531 0.26681488 0.27159814 0.26701824 0.26750616
0.26073393 0.26298309 0.26616059 0.26888052 0.26552153 0.26605128 0.26376469 0.26809726 0.26397342 0.26493254
0.25923221 0.26026716 0.26349557 0.26303836 0.26313177 0.26199538 0.26048928 0.26499417 0.26184005 0.26224904
0.25679614 0.25919290 0.26393289 0.25960865 0.26128426 0.26050633 0.25720623 0.26289338 0.26015718 0.25974470
0.25734185 0.25518715 0.26078641 0.25728235 0.25867136 0.25651843 0.25605044 0.26192289 0.25633853 0.25649902
0.25479721 0.25288561 0.25911396 0.25446306 0.25610061 0.25512634 0.25273629 0.25968086 0.25676753 0.25364716
0.25143382 0.25015161 0.25542829 0.25226632 0.25444594 0.25216301 0.25053852 0.25415519 0.25301059 0.25137073
0.24867657 0.24708368 0.25307656 0.24950467 0.25226626 0.25736541 0.24984770 0.25365200 0.25071433 0.24835817
0.24724993 0.24483612 0.25030673 0.24728404 0.24897661 0.25098431 0.24689551 0.25023324 0.24807096 0.24719770
0.24556997 0.24286019 0.24791694 0.24554044 0.24606694 0.24580652 0.24471907 0.24979628 0.24567193 0.24553357
0.24510094 0.24064513 0.24665229 0.24364689 0.24390617 0.24489321 0.24303614 0.24932789 0.24329897 0.24372300
0.24294793 0.23809748 0.24397456 0.24109967 0.24211542 0.24412114 0.24213943 0.24530085 0.24164618 0.24013894
0.24122333 0.23670960 0.24301946 0.24275164 0.24123358 0.24184583 0.23994299 0.24103817 0.23995255 0.23925071
0.23973266 0.23454119 0.24372372 0.23884318 0.23955986 0.23904472 0.24532004 0.24046470 0.23776337 0.23577231
0.23874912 0.23222597 0.24051752 0.23477509 0.23675018 0.23710221 0.23806781 0.23789715 0.23666687 0.23455688
0.23780365 0.23053937 0.23749771 0.23434776 0.23359914 0.23600013 0.23412492 0.23902118 0.23420671 0.23232607
0.23578388 0.23247551 0.23497483 0.23140673 0.23202437 0.23332464 0.23267599 0.23811725 0.23232401 0.23120164
0.23334373 0.22971628 0.23301755 0.23028545 0.23114460 0.23162611 0.22961841 0.23311368 0.23061336 0.22932315
0.23234265 0.22503164 0.23178882 0.22882313 0.23140846 0.23044377 0.22839161 0.23361760 0.22861401 0.22822721
0.23213912 0.22368004 0.23202661 0.22578296 0.22920870 0.23093458 0.22732074 0.23157668 0.22637852 0.22510262
0.23037030 0.22511430 0.22938840 0.22390228 0.22687811 0.22937785 0.22507375 0.22816068 0.22578982 0.22414121
0.22955855 0.22347656 0.22740077 0.22347564 0.22532679 0.22624005 0.22515557 0.22708767 0.22498925 0.22344635
0.22758740 0.21831103 0.23171762 0.22167162 0.22431758 0.22425800 0.23817470 0.22602818 0.22285514 0.22207739
0.22509774 0.21697735 0.22901454 0.22091735 0.22062142 0.22328900 0.23063843 0.22729863 0.22107651 0.22124882
0.22358711 0.21501506 0.22515190 0.21813805 0.21935711 0.22410770 0.21967109 0.22671232 0.21987144 0.21836682
0.22310631 0.21417175 0.22167291 0.21681433 0.21813981 0.22214586 0.21793716 0.22145185 0.21882850 0.21532181
0.22156433 0.21385497 0.22050116 0.21602359 0.21576704 0.21919311 0.21676896 0.21915108 0.21611817 0.21537188
0.22062280 0.21335145 0.21936081 0.21404875 0.21533537 0.21681669 0.21490383 0.21847668 0.21488757 0.21287818
0.21887252 0.21033627 0.21756875 0.21283448 0.21986447 0.21794629 0.21368365 0.21730632 0.21391097 0.21117866
0.21658294 0.20906036 0.21682911 0.21125758 0.21452005 0.21888341 0.21182623 0.21540612 0.21343481 0.21149646
0.21906164 0.20780501 0.21461438 0.20946501 0.21116960 0.21354905 0.21064679 0.21403028 0.20970036 0.20980519
0.21708798 0.20579253 0.21447335 0.20958210 0.20997228 0.21240706 0.21441524 0.21341716 0.20896561 0.20852318
0.21359155 0.20511299 0.21331976 0.20873763 0.20758663 0.21100967 0.21210868 0.21127408 0.20822071 0.20768551
0.21181319 0.20255641 0.22163424 0.20634358 0.20629308 0.20879695 0.20630307 0.21109871 0.20788996 0.20556782
0.21130175 0.20270195 0.21574539 0.20511835 0.20673400 0.20923293 0.20676594 0.21056630 0.20678120 0.20513455
0.20914681 0.20266501 0.20962504 0.20341007 0.20410935 0.20736985 0.20649537 0.20808469 0.20631893 0.20285979
0.20853400 0.20223910 0.20731821 0.20176319 0.20395268 0.20661192 0.20411551 0.20738062 0.20509139 0.20188610
0.20748469 0.19968047 0.20710575 0.20197046 0.20556695 0.20498145 0.20270273 0.20781597 0.20268378 0.20035459
0.20569312 0.19876168 0.20552319 0.20140036 0.20621570 0.20506156 0.20123570 0.20628122 0.20121620 0.20027256
0.20517730 0.19738447 0.20506426 0.19882392 0.20029630 0.20305915 0.20034612 0.20353118 0.19854875 0.19899110
