# pytorch neural network ReLU CrossEntropyLoss SGD:
#  unit=[40],batch=64,lr=1e-02,momentum=0.9,epoch=128
# train_loss, train_acc, val_loss, val_acc
0.02225387 0.11506799 0.02239277 0.11341924
0.00775056 0.00557704 0.01330291 0.00547668
0.00188230 0.00109707 0.01289070 0.00457357
0.00224986 0.00060393 0.01400735 0.00606110
0.00205357 0.00082618 0.01353222 0.00674344
0.00144732 0.00058389 0.01455907 0.00690003
0.00114317 0.00106308 0.01423458 0.00621555
0.00131179 0.00081443 0.01428965 0.00757948
0.00171351 0.00092910 0.01319986 0.00678646
0.00205123 0.00127806 0.01359284 0.00528980
0.00196431 0.00126149 0.01494821 0.00741594
0.00267813 0.00166491 0.01369176 0.00596061
0.00233913 0.00142558 0.01305829 0.00651275
0.00226323 0.00130793 0.01232020 0.00557680
0.00236126 0.00152003 0.01356903 0.00613079
0.00420789 0.00165704 0.01394734 0.00667385
0.00371862 0.00180016 0.01313052 0.00563237
0.00382368 0.00178893 0.01336372 0.00565464
0.00310225 0.00204726 0.01246918 0.00566251
0.00373639 0.00167186 0.01416351 0.00616739
0.00336828 0.00186253 0.01277286 0.00594576
0.00434197 0.00169720 0.01184668 0.00417714
0.00501422 0.00311776 0.01312116 0.00602124
0.00253583 0.00172176 0.01258703 0.00525674
0.00297942 0.00206044 0.01358497 0.00554441
0.00332629 0.00186602 0.01387523 0.00574597
0.00539099 0.00312226 0.01236877 0.00651220
0.00318644 0.00213917 0.01316141 0.00532791
0.00336781 0.00244603 0.01406072 0.00613422
0.00295964 0.00205501 0.01340137 0.00562466
0.00304614 0.00253038 0.01238022 0.00515803
0.00326921 0.00241218 0.01346771 0.00527845
0.00345329 0.00275129 0.01294851 0.00456804
0.00229645 0.00258272 0.01281000 0.00440902
0.00242540 0.00169175 0.01375476 0.00521752
0.00276613 0.00248995 0.01335715 0.00702999
0.00245591 0.00175862 0.01385121 0.00598891
0.00279658 0.00220663 0.01396931 0.00739785
0.00352341 0.00161585 0.01226416 0.00543014
0.00450403 0.00326634 0.01335432 0.00659252
0.00272650 0.00244485 0.01330275 0.00676067
0.00269739 0.00192379 0.01264870 0.00499508
0.00203229 0.00223019 0.01397564 0.00572268
0.00297458 0.00242583 0.01349750 0.00667236
0.00394271 0.00301664 0.01659652 0.00728081
0.00395900 0.00240470 0.01182470 0.00565864
0.00334964 0.00281199 0.01517284 0.00696542
0.00287015 0.00193011 0.01376790 0.00903833
0.00258369 0.00220532 0.01396595 0.00541121
0.00232519 0.00170585 0.01712700 0.00695927
0.00220501 0.00197166 0.01519735 0.00754525
0.00244176 0.00222387 0.01161494 0.00674490
0.00203700 0.00211374 0.01232946 0.00696486
0.00187206 0.00112575 0.01433582 0.00692257
0.00273355 0.00257576 0.01453769 0.00796337
0.00348922 0.00155977 0.02000837 0.00844084
0.00520888 0.00267487 0.01333501 0.00853285
0.00120681 0.00173372 0.01602588 0.00846252
0.00169687 0.00133470 0.01292382 0.00751094
0.00205125 0.00188326 0.01433430 0.00702368
0.00341579 0.00168135 0.05236676 0.02207062
0.01179063 0.00275517 0.01908874 0.00861360
0.00174077 0.00151298 0.01694035 0.00844033
0.00316984 0.00184743 0.01772586 0.00907460
0.00627618 0.00318960 0.01382389 0.00621381
0.00275092 0.00193866 0.01211794 0.00628064
0.00506061 0.00303917 0.01448485 0.00969463
0.00347337 0.00181335 0.01983749 0.00860924
0.00257387 0.00210281 0.01542546 0.00525463
0.00346505 0.00188977 0.01984626 0.00977943
0.00376282 0.00238192 0.01525656 0.00808940
0.00267838 0.00180047 0.01362708 0.00700038
0.00185073 0.00137601 0.01318826 0.00554598
0.00257120 0.00125161 0.01545746 0.00767135
0.00319614 0.00171462 0.01413521 0.00725672
0.00229964 0.00141876 0.01770790 0.00727784
0.00199462 0.00129784 0.01640906 0.00737043
0.00421868 0.00168649 0.01930989 0.00983934
0.00914438 0.00370677 0.01567395 0.00691490
0.00316546 0.00231182 0.01456041 0.00646564
0.00315246 0.00164004 0.01610179 0.00647098
0.00243533 0.00158706 0.01856276 0.00769391
0.00225187 0.00122698 0.01696982 0.01013796
0.00244468 0.00194691 0.01391215 0.00549079
0.00429994 0.00134789 0.01513022 0.00776075
0.00696087 0.00359183 0.01536339 0.00683547
0.00281725 0.00218483 0.01163144 0.00589090
0.00881372 0.00294444 0.01716269 0.00845282
0.00170386 0.00118196 0.02006318 0.00855345
0.00743079 0.00271115 0.02078114 0.00870023
0.00215954 0.00220759 0.01759605 0.00835667
0.00226897 0.00167063 0.01608346 0.00639755
0.00748297 0.00393874 0.01561092 0.00765490
0.00608369 0.00343342 0.02187136 0.01262655
0.00704870 0.00352228 0.01765453 0.00832994
0.00314840 0.00164845 0.01610493 0.00575666
0.00746572 0.00291370 0.01322633 0.00510571
0.00388969 0.00272607 0.01677581 0.00729299
0.00222953 0.00195019 0.01799379 0.00849625
0.00452984 0.00162000 0.01499483 0.00523471
0.00774274 0.00417719 0.02019073 0.00869047
0.01485755 0.00376859 0.01710594 0.00915880
0.00718900 0.00307668 0.02298177 0.00967019
0.00435268 0.00269862 0.01503136 0.00641572
0.00799945 0.00337723 0.01854680 0.00720807
0.00671105 0.00309622 0.01690228 0.00828975
0.00327428 0.00200630 0.15465949 0.03543743
0.04092655 0.00790408 0.01586988 0.00712286
0.00568001 0.00252617 0.02203077 0.01024623
0.00590021 0.00260837 0.01536008 0.00696971
0.00510499 0.00282132 0.02003914 0.00896458
0.00464582 0.00204256 0.02147020 0.01152026
0.00789389 0.00427842 0.38493633 0.04668889
0.10788314 0.01300002 0.01306588 0.00917362
0.01191526 0.00559031 0.02059429 0.00839463
0.00922775 0.00422193 0.01840084 0.00691629
0.00722884 0.00373022 0.01527284 0.00569458
0.00630607 0.00306725 0.01489680 0.00624654
0.00724148 0.00333012 0.01421406 0.00731630
0.00836469 0.00373872 0.01401004 0.00582430
0.01171857 0.00406684 0.01907624 0.00767291
0.00548690 0.00293703 0.02197635 0.01032096
0.00666481 0.00258970 0.01754673 0.00765857
0.00524597 0.00313549 0.01924268 0.00721951
0.00463168 0.00323227 0.02144654 0.00897064
0.00579406 0.00240299 0.01984447 0.00816308
0.00533994 0.00287678 0.01268113 0.00519880
0.00545858 0.00216103 0.01787316 0.00946428
0.01022924 0.00437464 0.01810235 0.00794209
