# pytorch neural network ReLU CrossEntropyLoss SGD:
#  unit=[40],batch=64,lr=1e-02,momentum=0.9,epoch=128
0.28145367 0.47623980 0.63692868 0.47503129 0.57240278 0.37485433 0.57917905 0.43014371 0.60416937 0.33471414
0.76550561 0.77586430 0.78730202 0.77681386 0.77659804 0.78143209 0.77823818 0.77029651 0.77866977 0.77492988
0.81945705 0.81980234 0.82157195 0.81988865 0.82273728 0.82044971 0.82208985 0.81954336 0.82148558 0.82028049
0.82610387 0.82670808 0.82640600 0.82610387 0.82610387 0.82549959 0.82735550 0.82713974 0.82537013 0.82649404
0.82951355 0.83085155 0.83141267 0.82968622 0.83037680 0.82903880 0.83180112 0.82964307 0.83024734 0.83020496
0.83231902 0.83167166 0.83288014 0.83262116 0.83236223 0.83240539 0.83365703 0.83149898 0.83197373 0.83253509
0.83210325 0.83357072 0.83382970 0.83529717 0.83378655 0.83538347 0.83577192 0.83452028 0.83529717 0.83482200
0.83577192 0.83607405 0.83521086 0.83525401 0.83546978 0.83460659 0.83512449 0.83503819 0.83628988 0.83762676
0.83516771 0.83659202 0.83585829 0.83758467 0.83585829 0.83663517 0.83805948 0.83534032 0.83749837 0.83676374
0.83702362 0.83900905 0.83521086 0.83905220 0.83745521 0.83969963 0.83935434 0.83736891 0.83823210 0.83788568
0.83710992 0.83723944 0.83732575 0.84008807 0.83896583 0.84051967 0.83987224 0.83814579 0.83974278 0.83999997
0.84013122 0.83995855 0.83814579 0.84207344 0.83978593 0.84241873 0.84043336 0.83844793 0.84336829 0.84224379
0.84146923 0.84259140 0.83974278 0.84293669 0.84125340 0.84332514 0.84026068 0.83866376 0.84233242 0.84207118
0.84220296 0.84159869 0.84129655 0.84436101 0.84358412 0.84479260 0.84233242 0.84090811 0.84427470 0.84306365
0.84479260 0.84392941 0.84177130 0.84487891 0.84211659 0.84708017 0.84302300 0.84319568 0.84474945 0.84526432
0.84548318 0.84664851 0.84315246 0.84686434 0.84630322 0.84915191 0.84410203 0.84401572 0.84638959 0.84660196
0.84677804 0.84651905 0.84483576 0.84526736 0.84336829 0.84820235 0.84423155 0.84526736 0.84872025 0.84867316
0.84941083 0.84733909 0.84686434 0.84949720 0.84591478 0.85036039 0.84802967 0.84444731 0.84984249 0.84832793
0.84556949 0.84720963 0.84561265 0.84915191 0.84738231 0.85074884 0.84824550 0.84587163 0.85152572 0.84988135
0.85027409 0.84962666 0.84777075 0.84833181 0.84979928 0.85307956 0.84863394 0.84733909 0.85001510 0.85165048
0.84660536 0.84928137 0.84716648 0.85014457 0.85066253 0.85096467 0.84966981 0.84811604 0.85118043 0.85303128
0.85165524 0.85087836 0.84772760 0.85238898 0.85040355 0.85139626 0.85174155 0.84802967 0.85269111 0.85272926
0.85545343 0.85036039 0.84371358 0.85217315 0.85118043 0.85411543 0.85208684 0.84872025 0.85286373 0.85307443
0.85381329 0.85277742 0.84919506 0.85377014 0.85234582 0.85368383 0.85351115 0.85040355 0.85484916 0.85462785
0.85566920 0.85415858 0.84932452 0.85329533 0.85346800 0.85493547 0.85277742 0.85074884 0.85493547 0.85626751
0.85571235 0.85480601 0.85057622 0.85402912 0.85519445 0.85735250 0.85459018 0.85264796 0.85610080 0.85639697
0.85730934 0.85631663 0.85057622 0.85152572 0.85178471 0.85938108 0.85519445 0.85036039 0.85290688 0.85782093
0.85748196 0.85579872 0.85182786 0.85549659 0.85450387 0.85761148 0.85541022 0.85135311 0.85648930 0.85769147
0.85799992 0.85670507 0.85273427 0.85722303 0.85545343 0.86084855 0.85549659 0.85264796 0.85752517 0.85894281
0.85951054 0.85925156 0.85234582 0.85696405 0.85791361 0.85843152 0.85838836 0.85584188 0.85869050 0.85907227
0.86071908 0.85929477 0.85398591 0.85894948 0.85605764 0.86102122 0.85653245 0.85459018 0.86046010 0.86036676
0.86106437 0.85976952 0.85394275 0.85929477 0.85717988 0.85946739 0.85739565 0.85420173 0.86067593 0.85989213
0.86089170 0.86067593 0.85381329 0.85929477 0.85843152 0.86339504 0.85938108 0.85489231 0.85981268 0.86131608
0.86166859 0.86158228 0.85523760 0.85933793 0.85903579 0.86468989 0.86071908 0.85687774 0.86028743 0.86230850
0.85881996 0.86024427 0.85644609 0.85955369 0.86002851 0.86058956 0.86024427 0.85735250 0.86166859 0.86222219
0.85972637 0.86197072 0.85623032 0.86067593 0.85976952 0.86425829 0.85959685 0.85666192 0.86335188 0.86213595
0.86054641 0.86123699 0.85717988 0.86136651 0.86015797 0.86128014 0.86188442 0.85899264 0.86296344 0.86355984
0.86326557 0.86227286 0.85752517 0.86102122 0.86197072 0.86447406 0.86365402 0.85972637 0.86533731 0.86321467
0.86080539 0.86391300 0.85886312 0.86356771 0.86253184 0.86369717 0.86356771 0.86076224 0.86317927 0.86343044
0.86369717 0.86494887 0.85998535 0.86279082 0.85890627 0.86771119 0.86473304 0.85653245 0.86594158 0.86394823
0.86477619 0.86326557 0.85812938 0.86430144 0.86007166 0.86658895 0.86395615 0.86080539 0.86287713 0.86498380
0.86378348 0.86525100 0.86076224 0.86594158 0.86304975 0.86620051 0.86473304 0.86197072 0.86697745 0.86601943
0.86468989 0.86758167 0.86050326 0.86443090 0.86369717 0.86581206 0.86628687 0.86171174 0.86697745 0.86696869
0.86542362 0.86654580 0.86149597 0.86620051 0.86464673 0.86926496 0.86615735 0.86166859 0.86848807 0.86714131
0.86650264 0.86633003 0.86231601 0.86667532 0.86391300 0.86965340 0.86641634 0.85864735 0.86775434 0.86778855
0.86581206 0.86913550 0.86205703 0.86365402 0.86201388 0.86779749 0.86801332 0.86369717 0.86654580 0.86658037
0.86680478 0.86952394 0.86041695 0.86693424 0.86473304 0.87004185 0.86870384 0.86391300 0.86874706 0.86744338
0.86814278 0.86809963 0.86563945 0.86745220 0.86585522 0.87129354 0.86870384 0.86477619 0.87025768 0.86834949
0.86861753 0.87055981 0.86550993 0.86887652 0.86391300 0.86922181 0.86922181 0.86546677 0.86995554 0.87024814
0.86904913 0.86995554 0.86494887 0.86922181 0.86753851 0.87047350 0.86969656 0.86745220 0.87055981 0.87046385
0.86848807 0.87068927 0.86702061 0.86866069 0.86697745 0.87159568 0.87030083 0.86598474 0.87181145 0.87063646
0.86676162 0.87086195 0.86499202 0.87004185 0.86818594 0.87194097 0.87047350 0.86637318 0.87060297 0.87072277
0.86874706 0.87215674 0.86477619 0.86948079 0.86887652 0.86797011 0.87077558 0.86715007 0.87064612 0.87158579
0.86904913 0.87099141 0.86840177 0.86900598 0.86999869 0.87142301 0.86930811 0.86879021 0.86922181 0.87175834
0.86822909 0.87224311 0.86861753 0.87250203 0.86969656 0.87289047 0.87047350 0.86481935 0.87349474 0.87223303
0.87038714 0.87224311 0.86840177 0.86973971 0.87198412 0.87306315 0.87280416 0.86948079 0.87293369 0.87128371
0.86948079 0.87327898 0.86943763 0.87055981 0.86973971 0.87435800 0.86464673 0.87051666 0.87293369 0.87313914
0.87077558 0.87461692 0.86943763 0.87392634 0.87112087 0.87245888 0.87327898 0.87116408 0.87219989 0.87512404
0.87150937 0.87435800 0.87159568 0.87345159 0.87271786 0.87349474 0.87306315 0.87034398 0.87509173 0.87300968
0.87081879 0.87340844 0.86896282 0.87314945 0.87094826 0.87573916 0.87431484 0.87086195 0.87293369 0.87218988
0.87103456 0.87435800 0.87012821 0.87362427 0.87150937 0.87496221 0.87310630 0.87176830 0.87530750 0.87400216
0.87224311 0.86563945 0.87133670 0.87504858 0.87491906 0.87578231 0.87414217 0.87332213 0.87293369 0.87417477
0.87232941 0.87526435 0.87112087 0.87435800 0.87414217 0.87448746 0.87578231 0.87198412 0.87427163 0.87559873
0.87120724 0.87543702 0.87181145 0.87099141 0.87414217 0.87625706 0.87384003 0.87073243 0.87392634 0.87426108
0.86999869 0.87565279 0.87155253 0.87655920 0.87526435 0.87802666 0.87440115 0.87267470 0.86715007 0.87611651
0.87314945 0.87699080 0.87219989 0.87586862 0.87457377 0.87841511 0.87630022 0.87422848 0.87504858 0.87814456
0.87440115 0.87828565 0.87392634 0.87595493 0.87681818 0.87258840 0.87737924 0.86702061 0.87612760 0.87508088
0.87483275 0.87263155 0.87349474 0.87556648 0.87660235 0.87768137 0.87906253 0.87470329 0.87655920 0.87542611
0.87401271 0.87806982 0.87332213 0.87772453 0.87655920 0.87604123 0.87806982 0.87142301 0.87569594 0.87447679
0.87630022 0.87470329 0.87384003 0.87724978 0.87733608 0.87828565 0.87906253 0.87396955 0.87919199 0.87564188
0.87569594 0.87340844 0.87487590 0.87970996 0.87267470 0.87755191 0.87927836 0.87548018 0.87271786 0.87637538
0.87617075 0.87699080 0.87733608 0.87863094 0.87530750 0.87901938 0.88048685 0.87548018 0.87431484 0.87641853
0.87668866 0.87832880 0.87634337 0.87776768 0.87729293 0.87945098 0.88122058 0.87686133 0.87785405 0.87784249
0.87664551 0.87871724 0.87712032 0.87716347 0.87854463 0.88065952 0.87949413 0.87811297 0.87651604 0.87848973
0.87673181 0.87500542 0.87651604 0.87867409 0.87949413 0.87936467 0.88109112 0.87781090 0.87970996 0.87779933
0.87699080 0.88009840 0.87880355 0.87837195 0.88009840 0.88044369 0.88035738 0.87625706 0.87979627 0.87788564
0.87811297 0.88195431 0.87811297 0.88040054 0.87927836 0.88065952 0.88091844 0.87785405 0.87949413 0.87913698
0.87720662 0.88147956 0.87733608 0.88143641 0.88027108 0.88074583 0.88156587 0.87888992 0.88182485 0.87870550
0.87858778 0.87988257 0.87021452 0.87914884 0.88208383 0.88143641 0.88152272 0.87625706 0.87289047 0.87930959
0.87914884 0.88044369 0.87595493 0.87970996 0.88104796 0.88143641 0.88035738 0.87384003 0.87880355 0.88077670
0.87854463 0.88122058 0.87854463 0.88022786 0.88199753 0.87824249 0.88350815 0.87867409 0.88040054 0.88030207
0.87811297 0.88070267 0.88048685 0.88027108 0.88040054 0.88186800 0.88238597 0.87703395 0.88195431 0.88047463
0.88005525 0.88044369 0.87863094 0.88173854 0.88100481 0.87876040 0.88238597 0.87945098 0.88182485 0.88008630
0.88178170 0.88147956 0.88070267 0.88113427 0.88208383 0.88087529 0.88475978 0.87642974 0.88212699 0.88159657
0.88074583 0.88199753 0.88018471 0.88273126 0.88337862 0.88186800 0.88393974 0.87945098 0.88277441 0.88220066
0.88005525 0.88225645 0.87453061 0.87582546 0.88501877 0.88355130 0.88614094 0.87958050 0.88337862 0.88237327
0.87962365 0.88208383 0.88355130 0.88091844 0.88450086 0.88372391 0.88786739 0.88117743 0.88208383 0.88211435
0.88229960 0.88398290 0.87699080 0.88445771 0.88273126 0.87591177 0.88557988 0.88173854 0.88242912 0.88297737
0.87996894 0.88393974 0.88273126 0.88311970 0.88320601 0.88234282 0.88454401 0.88225645 0.88311970 0.88189858
0.88445771 0.87582546 0.88096166 0.88277441 0.87699080 0.88329232 0.88406920 0.88165224 0.88126373 0.88228697
0.88143641 0.88070267 0.88143641 0.88389659 0.87975311 0.88035738 0.88696104 0.88234282 0.88553673 0.88258898
0.88346499 0.88165224 0.88005525 0.88553673 0.88506192 0.88463032 0.88411242 0.88437134 0.88549358 0.88302052
0.87258840 0.88484615 0.88160902 0.88337862 0.88575250 0.88359445 0.88834220 0.88320601 0.88519144 0.88362461
0.87621391 0.88570935 0.88281757 0.88480300 0.88519144 0.88368076 0.88765162 0.87772453 0.88536406 0.88448757
0.88199753 0.87949413 0.87513489 0.88678837 0.88734949 0.88234282 0.88212699 0.88480300 0.88622731 0.88388348
0.88048685 0.88255858 0.88372391 0.88454401 0.88549358 0.88316286 0.88704735 0.88411242 0.88385344 0.88336569
0.88428503 0.88398290 0.88510507 0.88657260 0.88709050 0.88355130 0.88799691 0.87699080 0.88566619 0.88621360
0.88255858 0.88812637 0.88165224 0.88687468 0.88903278 0.88618410 0.88955069 0.88273126 0.88324916 0.88548005
0.88277441 0.88484615 0.88393974 0.88545036 0.88894641 0.88475978 0.88868749 0.88545036 0.88799691 0.88629991
0.88337862 0.88713366 0.88415557 0.88527775 0.88432819 0.88402605 0.88868749 0.88501877 0.88709050 0.88453072
0.88242912 0.88756526 0.87366742 0.88665891 0.88929170 0.88510507 0.88743579 0.88437134 0.88691789 0.88629991
0.87509173 0.88566619 0.88553673 0.88480300 0.89032757 0.88458717 0.88627046 0.88596833 0.88765162 0.88746494
0.88238597 0.88001209 0.88385344 0.88605464 0.88963699 0.88717681 0.88916224 0.88557988 0.88955069 0.88798273
0.88463032 0.88419873 0.88398290 0.88873065 0.88204068 0.88644308 0.89119083 0.88734949 0.88968015 0.88651562
0.88536406 0.88786739 0.87940782 0.88691789 0.88911909 0.88747895 0.88907593 0.88031423 0.88493246 0.88932037
0.87945098 0.88756526 0.88527775 0.88614094 0.88791054 0.88717681 0.89136344 0.88454401 0.89015496 0.88716286
0.88398290 0.88510507 0.88540721 0.88760847 0.88734949 0.88903278 0.89058656 0.88786739 0.88959384 0.88612729
0.88583881 0.86253184 0.88799691 0.88950753 0.88968015 0.88860112 0.88980967 0.88169539 0.88596833 0.88949299
0.88678837 0.88424188 0.88734949 0.88855797 0.89257199 0.88721997 0.89308989 0.88864434 0.89011180 0.88871628
0.88536406 0.88734949 0.88691789 0.88881695 0.89209718 0.89011180 0.88937807 0.88959384 0.88242912 0.88953614
0.88907593 0.88277441 0.88601148 0.88868749 0.89058656 0.88998228 0.89395314 0.88834220 0.88950753 0.88677454
0.88747895 0.88683152 0.88704735 0.89006865 0.89188141 0.88864434 0.89296043 0.88907593 0.88730633 0.89078748
0.87850147 0.88881695 0.88920540 0.88182485 0.89088869 0.89136344 0.89244246 0.89054340 0.89054340 0.88914782
0.88652939 0.88700420 0.84621692 0.88903278 0.89149296 0.88985282 0.89041394 0.88717681 0.89106131 0.89018339
0.88765162 0.89093184 0.87349474 0.89226985 0.89170873 0.89119083 0.89464372 0.89175189 0.89101815 0.88802588
0.88730633 0.88829905 0.87720662 0.88739264 0.88747895 0.89024127 0.89313304 0.89024127 0.89239931 0.89057171
0.89028442 0.88886011 0.87949413 0.88825583 0.89244246 0.89067286 0.89339203 0.88829905 0.89196771 0.89143473
0.88847166 0.89114767 0.88139325 0.89019811 0.89244246 0.88834220 0.89157927 0.89037073 0.89183825 0.89152104
0.88946438 0.89231300 0.88135010 0.89097500 0.89110452 0.89265829 0.89434159 0.89175189 0.89050025 0.88932037
0.88687468 0.88847166 0.88048685 0.89226985 0.89356470 0.89006865 0.89416891 0.88963699 0.89157927 0.89018339
0.89071602 0.89019811 0.88428503 0.89123398 0.89378047 0.88104796 0.89494586 0.89291728 0.89054340 0.89177996
0.89019811 0.89114767 0.88393974 0.89153612 0.89559323 0.89140660 0.89438474 0.89248568 0.89257199 0.89177996
0.88631362 0.89080238 0.88614094 0.89265829 0.89347833 0.89209718 0.89209718 0.89123398 0.88855797 0.89329016
0.88657260 0.89226985 0.88514829 0.89140660 0.89546376 0.88963699 0.89468688 0.89119083 0.89119083 0.89372170
0.88968015 0.89132029 0.88432819 0.89235616 0.89550692 0.88890326 0.89580905 0.89244246 0.89304674 0.89367855
0.89067286 0.89352149 0.88812637 0.89291728 0.89611119 0.89352149 0.89555007 0.88985282 0.89382362 0.89423949
0.89205402 0.88911909 0.88579565 0.89278775 0.89442790 0.89399630 0.89649963 0.89317620 0.89080238 0.89372170
0.89140660 0.89067286 0.88760847 0.89360785 0.89576590 0.89382362 0.89455736 0.89196771 0.89270145 0.89221144
0.88156587 0.89201087 0.88868749 0.89533430 0.89637017 0.89149296 0.89533430 0.89205402 0.89723337 0.89406687
