# pytorch neural network ReLU CrossEntropyLoss SGD:
#  unit=[40],batch=64,lr=1e-02,momentum=0.9,epoch=128
0.73023017 0.69950236 0.66223931 0.71065511 0.68585182 0.71144071 0.68711463 0.70003685 0.67547162 0.73741791
0.46372493 0.44560348 0.43103814 0.44070846 0.44506152 0.44222856 0.44449357 0.45022621 0.44377395 0.44523348
0.38836525 0.38462062 0.38195286 0.38320740 0.38246664 0.38266500 0.38262126 0.38599557 0.38493213 0.38345813
0.37931422 0.37389122 0.37314924 0.37473599 0.37541268 0.37770177 0.37180456 0.37488035 0.37288585 0.37244107
0.37329976 0.36779085 0.36961360 0.36777646 0.36829550 0.37042191 0.36647822 0.37023652 0.36636672 0.36707452
0.36334032 0.36563540 0.36501605 0.36255171 0.36377938 0.36262729 0.36118838 0.36559872 0.36265515 0.36212678
0.35965672 0.36198289 0.36213633 0.36054518 0.36014433 0.36172433 0.35898378 0.36181473 0.36117984 0.35912538
0.35671856 0.35862397 0.35956747 0.35682980 0.35785149 0.35659748 0.35627133 0.35935999 0.35600231 0.35587862
0.35430060 0.35553399 0.35781200 0.35418292 0.35621829 0.35384356 0.35287997 0.35768367 0.35276485 0.35427658
0.35506090 0.35525612 0.35675581 0.35176294 0.35435319 0.35286054 0.35074394 0.35586446 0.35077267 0.35238545
0.35147368 0.35198726 0.35501495 0.35002993 0.35238987 0.35076790 0.34902514 0.35425410 0.34866421 0.35059727
0.34925238 0.35054788 0.35310826 0.34800890 0.35106298 0.34878865 0.34811916 0.35421046 0.35619857 0.34878263
0.34808760 0.35290589 0.35194216 0.34614018 0.34825060 0.34699558 0.34721054 0.35174442 0.34971434 0.34655269
0.34664787 0.34969014 0.35077109 0.34431007 0.34635035 0.34415196 0.34519597 0.34916482 0.34452286 0.34615122
0.34406283 0.34639756 0.35000155 0.34712425 0.34478109 0.34299599 0.34371478 0.34872770 0.34307176 0.34357016
0.34231177 0.34417951 0.34814287 0.34420594 0.35618230 0.34156357 0.34496665 0.34647757 0.34165280 0.34204807
0.34111027 0.34454176 0.34644843 0.34205115 0.35271708 0.34039547 0.34298059 0.34547421 0.34025007 0.34011073
0.34805711 0.34128510 0.34635467 0.34008236 0.34217165 0.33998436 0.33961892 0.34974236 0.33896558 0.33883062
0.34751784 0.33990935 0.34505814 0.33978846 0.33979014 0.33802210 0.33785087 0.34368701 0.33966013 0.33868322
0.34646616 0.34127209 0.34438206 0.33632996 0.33898892 0.33497809 0.33688177 0.34115664 0.33626746 0.33576822
0.34481949 0.34179290 0.34169150 0.33690573 0.33666830 0.33740261 0.33544187 0.34277203 0.33689769 0.33441731
0.33494268 0.33853760 0.34848063 0.33454585 0.33612884 0.33447374 0.33415732 0.34096821 0.33552015 0.33366162
0.33307202 0.33661731 0.34938909 0.33134650 0.33479180 0.33246638 0.33398032 0.33688925 0.33405940 0.33122948
0.33196945 0.33352581 0.33943406 0.33082251 0.33314359 0.33323105 0.33187795 0.33526686 0.33107935 0.33040688
0.33064377 0.33275589 0.33884210 0.32969822 0.33253168 0.32827239 0.33096818 0.33428914 0.32942698 0.32911208
0.32928979 0.33085829 0.33659120 0.33023921 0.33550071 0.32613511 0.32993677 0.33455814 0.33370867 0.32744691
0.32805721 0.32946239 0.33509677 0.34244923 0.33515618 0.32452938 0.32866863 0.33674079 0.33773321 0.32746926
0.32713916 0.32807441 0.33515471 0.32664593 0.32859470 0.32365140 0.33137163 0.33179558 0.32697856 0.32588340
0.32572844 0.32679735 0.33406881 0.32464563 0.32781321 0.32124941 0.32808205 0.32947250 0.32481770 0.32355032
0.32467758 0.32438901 0.33221369 0.32310190 0.32624267 0.32071616 0.32519410 0.32747951 0.32404403 0.32286296
0.32411822 0.32458740 0.33084902 0.32209469 0.32605198 0.32051938 0.32634300 0.32784241 0.32243643 0.32139932
0.32239995 0.32500233 0.33188004 0.32232549 0.32427791 0.31954372 0.32358189 0.32573895 0.32183161 0.32063036
0.32042782 0.32147442 0.32996006 0.32024720 0.32261458 0.31634571 0.32136886 0.32491881 0.32220254 0.31900536
0.32364532 0.32066941 0.32681131 0.32099535 0.32159857 0.31911208 0.32095140 0.32393930 0.32244758 0.31873518
0.32228294 0.32117561 0.32741878 0.32026525 0.32009922 0.31934546 0.32070582 0.32222422 0.31915700 0.31835730
0.32263487 0.31899975 0.32613691 0.31899953 0.32067205 0.31730620 0.31855213 0.32182708 0.31727097 0.31694019
0.32184943 0.32082041 0.32361457 0.31739898 0.31964457 0.31526826 0.31861648 0.32022690 0.31650191 0.31728516
0.32092043 0.31695992 0.32204428 0.31430128 0.31776862 0.31192768 0.31615348 0.31874786 0.31632572 0.31694584
0.32074812 0.31360787 0.32146735 0.31383418 0.31772568 0.31124661 0.31482379 0.32108788 0.31815900 0.31328472
0.31526037 0.31332930 0.32111796 0.31399223 0.32022413 0.31015463 0.31500422 0.32610773 0.31572708 0.31268186
0.31512322 0.31421595 0.31884101 0.31350261 0.31872120 0.30985713 0.31261059 0.31661499 0.31492846 0.31192918
0.31549569 0.31117214 0.31845601 0.31155113 0.31456303 0.30869410 0.31079304 0.31450484 0.31127534 0.31241181
0.31227635 0.31060102 0.31711288 0.31089283 0.31202934 0.30928307 0.31076830 0.31257980 0.31052521 0.31078280
0.31171213 0.31168863 0.31668194 0.30938185 0.31084103 0.30646699 0.30912810 0.31508497 0.30818542 0.30893362
0.31122073 0.31109585 0.31691937 0.31157148 0.31188807 0.30496720 0.30853003 0.31946555 0.30894660 0.30942406
0.30939982 0.30835607 0.32065162 0.31186108 0.31272672 0.30571471 0.30805585 0.31143871 0.30860916 0.30771487
0.30892282 0.30788809 0.31727845 0.30848141 0.30961010 0.30430699 0.30627280 0.30982419 0.30732083 0.30572371
0.30821501 0.30712547 0.31340749 0.30561493 0.31009294 0.30327381 0.30476493 0.30981733 0.30691869 0.30514620
0.30535123 0.30501296 0.31254187 0.30537088 0.31045158 0.30591875 0.30470136 0.30834483 0.30609792 0.30454883
0.30697432 0.30367367 0.31053378 0.30426123 0.30644246 0.30184821 0.30409057 0.30543721 0.30368829 0.30341884
0.30606266 0.30588982 0.30897244 0.30435733 0.30540275 0.30036900 0.30361676 0.30452216 0.30302715 0.30265728
0.30716182 0.30515217 0.31017568 0.30473256 0.30357229 0.30257392 0.30279011 0.30332934 0.30356554 0.30131474
0.30502930 0.30227546 0.30929885 0.30487047 0.30285719 0.30501275 0.30290280 0.30485625 0.30436193 0.30171212
0.30413112 0.30142392 0.30606209 0.30596822 0.30164661 0.30162775 0.30172052 0.30541158 0.30461117 0.30185227
0.30243977 0.30039161 0.30605345 0.30438289 0.30112130 0.29811472 0.29985886 0.30642920 0.29927287 0.30039912
0.30282039 0.29985262 0.30461653 0.30516759 0.30042733 0.29684646 0.30967951 0.30224178 0.29950046 0.29968918
0.30177578 0.29838748 0.30277725 0.30072925 0.30047291 0.29748269 0.31591275 0.30024173 0.29747485 0.29735253
0.30021005 0.29767711 0.30207190 0.29822558 0.29843789 0.29980045 0.29865837 0.29997457 0.29882738 0.29886823
0.30015681 0.29857324 0.30227141 0.29882293 0.29757183 0.29659652 0.29717729 0.29930060 0.29691615 0.29695909
0.29982633 0.29889528 0.30015504 0.29872761 0.29799708 0.29297296 0.29659115 0.29969722 0.29673436 0.29687759
0.29842390 0.30519869 0.30299494 0.29575705 0.29689197 0.29296170 0.29738034 0.29832231 0.29596422 0.29614243
0.29729017 0.33534920 0.30049282 0.29660594 0.29496708 0.29374688 0.29502591 0.29629804 0.29714478 0.29657781
0.29712361 0.29768890 0.29857877 0.29919811 0.29469682 0.29442990 0.29510667 0.29743620 0.29734625 0.29407612
0.30117746 0.29514867 0.29798741 0.30029896 0.29357927 0.29020649 0.29577906 0.29599526 0.29963347 0.29531715
0.30311768 0.29482646 0.29748956 0.29487940 0.29211869 0.28945306 0.29415463 0.29475319 0.31231625 0.29247781
0.29505432 0.29147349 0.29744135 0.29500009 0.29167047 0.29125678 0.29075857 0.29882108 0.29590856 0.29174863
0.29400743 0.29282933 0.29410967 0.29440214 0.29049498 0.29631153 0.28943519 0.30826264 0.29245853 0.29065778
0.29442733 0.29929646 0.29576751 0.29310302 0.29239264 0.28836248 0.28695853 0.29569132 0.29064072 0.29259411
0.29539618 0.29333374 0.29611181 0.29227602 0.29207635 0.28968945 0.28834682 0.29628250 0.29034588 0.29264636
0.29309471 0.29967870 0.29487245 0.29174498 0.28921128 0.28849785 0.28749243 0.29356041 0.29195539 0.28902212
0.29221588 0.29497642 0.29298766 0.29071202 0.29538770 0.28675257 0.28560387 0.29136996 0.29904583 0.29163648
0.29056379 0.29041858 0.29087115 0.28964976 0.29155782 0.28584720 0.28531884 0.29219281 0.29459764 0.28830418
0.28917871 0.28899562 0.29062740 0.29050796 0.28968120 0.28524245 0.28494240 0.28877032 0.28901037 0.28842553
0.29013233 0.29151990 0.29071253 0.29083976 0.28618985 0.28386066 0.28491584 0.28729229 0.29017567 0.28813340
0.28930413 0.29530102 0.28913758 0.28935031 0.28454816 0.28430683 0.28413956 0.28634101 0.28703811 0.28854059
0.28668577 0.28875820 0.28948445 0.28812098 0.28616464 0.28318042 0.28234720 0.28910724 0.28672842 0.28545419
0.28637610 0.28384786 0.28865984 0.28519237 0.28363569 0.28288556 0.28150180 0.28692600 0.28508467 0.28592005
0.28715102 0.28434325 0.29539016 0.28522914 0.28384000 0.28229695 0.28029131 0.28453790 0.29165564 0.28641845
0.28574270 0.28619673 0.31250545 0.28592985 0.28151451 0.28172173 0.28161590 0.28878671 0.29789732 0.28527873
0.28503663 0.28350821 0.28926241 0.28259332 0.28092006 0.28450837 0.28337027 0.29231496 0.28467291 0.28407152
0.28451499 0.28411078 0.28736880 0.28352114 0.28055619 0.28780443 0.27800233 0.28912383 0.28462706 0.28420479
0.28669522 0.28625799 0.28671138 0.28239304 0.28155087 0.28254269 0.27859300 0.28286943 0.28383494 0.28264423
0.28371371 0.28551419 0.28837545 0.28399814 0.28238907 0.28701788 0.28026603 0.28487273 0.28242700 0.28320848
0.28121881 0.28462700 0.28530486 0.28324441 0.27963675 0.28374196 0.27814742 0.28641563 0.28181289 0.28163447
0.28267523 0.28238988 0.28832705 0.29133606 0.27742044 0.27887128 0.27681602 0.28166525 0.28184081 0.28158115
0.28077593 0.28146976 0.29637038 0.29611125 0.27646902 0.27614744 0.27762879 0.28155687 0.28177311 0.28085541
0.28271803 0.28138246 0.28364745 0.28156350 0.27568746 0.28268809 0.27499654 0.28057514 0.28155056 0.27862002
0.27976786 0.27999313 0.28878784 0.28056871 0.27841311 0.30748641 0.27474668 0.28008938 0.27996497 0.27960490
0.28079970 0.28347513 0.28116548 0.27917272 0.28035760 0.27955398 0.27658041 0.28033135 0.28058823 0.27864312
0.27948408 0.29882082 0.28076846 0.27943497 0.29572068 0.27916654 0.27563060 0.27890020 0.28317625 0.27807811
0.27851802 0.28416895 0.28159464 0.27792612 0.28244302 0.28190592 0.27748235 0.27824815 0.27905019 0.27940022
0.28247675 0.28081092 0.28276770 0.27739245 0.27511799 0.27719713 0.27876973 0.27807686 0.27879803 0.27873371
0.30034051 0.27657391 0.28266093 0.27677068 0.27630477 0.27669551 0.27111155 0.27868058 0.27810802 0.27654786
0.29327749 0.28066350 0.28530923 0.27605524 0.27198206 0.27788603 0.27427379 0.28595646 0.27851935 0.27676559
0.27986343 0.28723309 0.29741706 0.27597584 0.27182880 0.27808608 0.28473480 0.27607458 0.27561194 0.27905221
0.27943994 0.27925247 0.27859630 0.27845901 0.27351930 0.27718356 0.27040660 0.28228908 0.27674124 0.27644910
0.27475018 0.27678597 0.27896187 0.27353174 0.27034927 0.27844769 0.27187187 0.29846626 0.27790393 0.27466901
0.27689858 0.27442431 0.28097335 0.27472286 0.26930865 0.27192246 0.26862041 0.27806607 0.27935236 0.27400588
0.27645419 0.27366226 0.27592382 0.27532051 0.27151688 0.27622148 0.26888698 0.27437892 0.27314117 0.27412164
0.27626584 0.27343534 0.28569255 0.27374094 0.27606144 0.28204404 0.26951256 0.27191327 0.27401848 0.27515379
0.28474756 0.27193612 0.29571374 0.27417974 0.26809345 0.27382770 0.27213769 0.27612928 0.27346033 0.27089802
0.32305825 0.27545745 0.27702306 0.27433620 0.26780653 0.27563045 0.27769872 0.27674030 0.27441854 0.27095819
0.27659214 0.29401419 0.27850632 0.27302606 0.27193947 0.27096059 0.26635614 0.27125126 0.27212303 0.27105459
0.27369201 0.27555185 0.27914099 0.27209982 0.27993456 0.27039288 0.26446550 0.27612793 0.27175247 0.27050521
0.27359251 0.27089691 0.29165631 0.27225496 0.26807690 0.26759742 0.26809798 0.28777122 0.27571120 0.27010624
0.29007829 0.27189681 0.27491373 0.27148510 0.26633885 0.27043102 0.26314360 0.27229629 0.27132371 0.27060955
0.27410029 0.27683848 0.27149194 0.26973697 0.26758453 0.26658803 0.26592651 0.27140533 0.27322150 0.27123113
0.27155739 0.40574998 0.27114571 0.26855145 0.26562301 0.26606304 0.26758570 0.27811116 0.27362922 0.26668655
0.27077224 0.28371463 0.27132838 0.26921242 0.26246693 0.26727306 0.26243386 0.26804326 0.27229182 0.26834540
0.26938876 0.28121718 0.27383301 0.26851325 0.26306112 0.26545138 0.26807431 0.26658229 0.28090465 0.26791909
0.26861575 0.28096271 0.27277586 0.27159574 0.26486641 0.26618686 0.26099094 0.26684182 0.27016313 0.27057543
0.27336312 0.27233753 0.27042756 0.27387365 0.26270196 0.26317495 0.26132733 0.26849663 0.27360806 0.26618070
0.28592758 0.26928373 0.27290956 0.28606148 0.26615404 0.26411126 0.26414861 0.26826179 0.26568261 0.26736521
0.26958563 0.26969248 0.62692252 0.26779366 0.26388725 0.26485161 0.26933909 0.26936962 0.26676796 0.26510930
0.26720510 0.26610625 0.30367948 0.26658933 0.26480820 0.26269898 0.25915228 0.26496982 0.26384101 0.26696563
0.26685701 0.27020400 0.29474214 0.26915231 0.27239210 0.26306474 0.25914210 0.26338664 0.26672810 0.26725072
0.26287197 0.26702562 0.28697362 0.27254720 0.26047217 0.26544762 0.26224174 0.26863161 0.26626583 0.26398170
0.26379445 0.26493500 0.28344867 0.26574489 0.25935054 0.26885889 0.26171567 0.26381326 0.26358456 0.26356568
0.26623366 0.26785131 0.28612047 0.26494007 0.26097395 0.26196899 0.25809773 0.26284671 0.26558185 0.26505782
0.26829973 0.26889367 0.28920590 0.26366093 0.25842523 0.26996226 0.25788250 0.26442948 0.26420271 0.26376696
0.26188992 0.26436067 0.27949718 0.26377212 0.25966019 0.29927544 0.26179088 0.26124236 0.26381186 0.26316446
0.26854612 0.26372529 0.27798956 0.26531835 0.25743175 0.26565613 0.25895744 0.26116381 0.26709907 0.26279540
0.27654080 0.26375954 0.27583864 0.26221843 0.25870470 0.26499623 0.26214511 0.26160917 0.27552451 0.25983383
0.26781475 0.26280743 0.27553466 0.26426005 0.25598801 0.26591278 0.25741010 0.26065608 0.26524375 0.26242352
0.26404439 0.26500890 0.27480654 0.26406098 0.25832792 0.26508462 0.25894161 0.25939987 0.26229927 0.25939862
0.27358995 0.26247884 0.27281353 0.26180240 0.25835164 0.25946246 0.25454161 0.26469064 0.26306117 0.25887243
0.26089223 0.26762784 0.27335258 0.26046239 0.25691340 0.25815612 0.25555979 0.25905050 0.26741820 0.26107874
0.26763469 0.26616163 0.27296386 0.26042755 0.25648797 0.25754348 0.25353658 0.26077883 0.26087531 0.26038370
0.29018936 0.26447481 0.27142202 0.25914892 0.25406216 0.25970334 0.25403815 0.25984271 0.25767004 0.25987747
