# pytorch neural network ReLU CrossEntropyLoss SGD:
#  unit=[80, 20],batch=64,lr=1e-02,momentum=0.0,epoch=128
0.29798436 0.41106650 0.28188527 0.32331994 0.44667444 0.51374680 0.51655227 0.69398767 0.29172602 0.57600862
0.69994390 0.70715177 0.69623202 0.70335364 0.71297854 0.70814449 0.71159738 0.71530926 0.70171350 0.71512407
0.72186977 0.72454572 0.71444601 0.71669042 0.72057492 0.72316456 0.72014332 0.72048861 0.71798521 0.71745414
0.76179379 0.77172083 0.73166734 0.77504426 0.77465582 0.77564847 0.77720231 0.77875608 0.72510684 0.74394822
0.79753119 0.79999137 0.78790623 0.80296946 0.80378956 0.80197680 0.80858046 0.80624974 0.78225213 0.79184467
0.81177437 0.81095427 0.80655187 0.81263757 0.80991840 0.81259441 0.81557256 0.81363028 0.80547285 0.80880260
0.81704003 0.81591785 0.81414819 0.81721264 0.81505460 0.81678104 0.81950021 0.81816220 0.81186068 0.81570655
0.81885278 0.81842119 0.81716949 0.81868011 0.81652206 0.81993181 0.82075185 0.82019079 0.81656522 0.81859761
0.81993181 0.82044971 0.82044971 0.81967282 0.82053608 0.82308257 0.82191724 0.82217616 0.81820536 0.82002157
0.82278043 0.82152879 0.82239199 0.82161510 0.82226253 0.82385945 0.82308257 0.82411844 0.81984550 0.82183385
0.82360047 0.82243514 0.82394576 0.82278043 0.82398897 0.82537013 0.82485217 0.82463634 0.82114029 0.82321465
0.82554275 0.82420474 0.82459319 0.82299626 0.82545644 0.82601750 0.82528377 0.82657862 0.82329839 0.82463861
0.82692391 0.82476586 0.82554275 0.82459319 0.82623333 0.82675129 0.82657862 0.82688075 0.82455003 0.82623518
0.82865036 0.82528377 0.82619017 0.82558590 0.82722604 0.82847768 0.82808924 0.82722604 0.82493848 0.82783169
0.82886618 0.82662177 0.82722604 0.82588804 0.82748502 0.82903880 0.82921147 0.82795978 0.82571542 0.82882416
0.82990205 0.82795978 0.82619017 0.82757133 0.82856405 0.82994521 0.82994521 0.82843453 0.82653546 0.83085221
0.83029050 0.82934093 0.82748502 0.82856405 0.82921147 0.83029050 0.83106738 0.82934093 0.82675129 0.83029127
0.83167166 0.83003151 0.82813239 0.82852089 0.82977253 0.82998836 0.83124000 0.83050627 0.82817560 0.83137000
0.83275068 0.83046311 0.82994521 0.83003151 0.83041996 0.83111054 0.83253485 0.83184427 0.83020413 0.83218986
0.83331174 0.83206010 0.83089471 0.82972938 0.83093786 0.83244854 0.83262116 0.83210325 0.83102423 0.83326858
0.83335489 0.83184427 0.83128315 0.82994521 0.83162844 0.83253485 0.83296645 0.83309597 0.83089471 0.83218986
0.83430445 0.83292329 0.83080840 0.83136952 0.83218956 0.83283699 0.83335489 0.83404547 0.83076525 0.83443367
0.83408862 0.83322543 0.83154213 0.83218956 0.83296645 0.83370018 0.83357072 0.83404547 0.83180112 0.83460623
0.83499503 0.83348441 0.83240539 0.83361387 0.83331174 0.83477920 0.83482242 0.83361387 0.83162844 0.83490831
0.83628988 0.83434761 0.83275068 0.83300960 0.83344126 0.83335489 0.83404547 0.83477920 0.83167166 0.83486515
0.83659202 0.83365703 0.83292329 0.83357072 0.83503819 0.83443391 0.83490872 0.83464974 0.83227587 0.83624595
0.83689415 0.83495188 0.83240539 0.83395916 0.83534032 0.83542663 0.83486557 0.83585829 0.83270752 0.83615965
0.83659202 0.83594459 0.83257800 0.83404547 0.83611721 0.83603090 0.83585829 0.83590144 0.83270752 0.83728153
0.83732575 0.83628988 0.83305281 0.83443391 0.83598775 0.83728260 0.83568561 0.83641934 0.83309597 0.83801508
0.83736891 0.83594459 0.83331174 0.83732575 0.83689415 0.83585829 0.83659202 0.83650565 0.83322543 0.83848977
0.83805948 0.83693731 0.83361387 0.83663517 0.83715308 0.83728260 0.83603090 0.83689415 0.83391601 0.83788568
0.83866376 0.83741206 0.83434761 0.83754152 0.83728260 0.83810264 0.83641934 0.83650565 0.83309597 0.83823085
0.83818895 0.83801633 0.83434761 0.83650565 0.83754152 0.83771420 0.83741206 0.83870691 0.83452028 0.83848977
0.83866376 0.83767104 0.83490872 0.83741206 0.83870691 0.83857739 0.83754152 0.83749837 0.83473605 0.84004313
0.83892268 0.83797318 0.83508134 0.83702362 0.83887953 0.83952695 0.83866376 0.83827525 0.83516771 0.83844662
0.83909535 0.83749837 0.83525401 0.83771420 0.83944064 0.84034699 0.83844793 0.83831847 0.83447713 0.83952534
0.83987224 0.83892268 0.83693731 0.83939749 0.83982909 0.84000170 0.83978593 0.83957011 0.83482242 0.84073353
0.83991539 0.83805948 0.83736891 0.83831847 0.84047651 0.84129655 0.83965641 0.84013122 0.83577192 0.84073353
0.84133971 0.83887953 0.83680779 0.83931112 0.84034699 0.84142601 0.83991539 0.83965641 0.83559930 0.84185547
0.84086496 0.83952695 0.83840477 0.84086496 0.84073550 0.84228927 0.84103757 0.84043336 0.83585829 0.84073353
0.84220296 0.84056282 0.83805948 0.84133971 0.84086496 0.84207344 0.84108073 0.84073550 0.83620358 0.84120822
0.84280717 0.83935434 0.83862054 0.84194398 0.84159869 0.84289354 0.84108073 0.84133971 0.83641934 0.84254587
0.84388626 0.84034699 0.83836162 0.84043336 0.84220296 0.84306616 0.84228927 0.84108073 0.83736891 0.84258902
0.84401572 0.84047651 0.84047651 0.84276402 0.84328198 0.84358412 0.84328198 0.84241873 0.83767104 0.84233010
0.84397256 0.84077865 0.84013122 0.84211659 0.84259140 0.84423155 0.84215981 0.84133971 0.83767104 0.84418553
0.84479260 0.84142601 0.83913851 0.84367043 0.84203029 0.84500843 0.84289354 0.84241873 0.83741206 0.84336567
0.84591478 0.84207344 0.83974278 0.84345460 0.84423155 0.84544003 0.84388626 0.84272087 0.83857739 0.84336567
0.84552634 0.84185767 0.84056282 0.84310931 0.84302300 0.84604430 0.84492207 0.84263456 0.83879322 0.84427184
0.84621692 0.84203029 0.84047651 0.84518105 0.84436101 0.84621692 0.84479260 0.84362727 0.83913851 0.84586841
0.84651905 0.84250510 0.84220296 0.84461999 0.84578532 0.84712332 0.84535372 0.84375674 0.83853424 0.84548002
0.84828866 0.84367043 0.84215981 0.84617376 0.84522420 0.84690750 0.84561265 0.84371358 0.83965641 0.84552318
0.84837496 0.84362727 0.84285039 0.84582847 0.84569901 0.84725279 0.84569901 0.84367043 0.84034699 0.84578210
0.84949720 0.84349775 0.84293669 0.84699380 0.84630322 0.84755492 0.84656221 0.84470630 0.84047651 0.84595472
0.84936768 0.84552634 0.84315246 0.84664851 0.84591478 0.84876341 0.84772760 0.84436101 0.84017438 0.84686083
0.85130996 0.84492207 0.84384304 0.84669173 0.84708017 0.84863394 0.84647590 0.84522420 0.84077865 0.84647250
0.85200053 0.84436101 0.84505159 0.84729594 0.84712332 0.85001510 0.84824550 0.84492207 0.84159869 0.84863001
0.85001510 0.84487891 0.84457678 0.84699380 0.84841812 0.84992880 0.84872025 0.84474945 0.84051967 0.84953612
0.85243213 0.84626007 0.84535372 0.84872025 0.84824550 0.85061938 0.84936768 0.84626007 0.84146923 0.84854370
0.85282058 0.84591478 0.84535372 0.84790021 0.84850448 0.85070568 0.84833181 0.84651905 0.84198713 0.84875941
0.85325217 0.84699380 0.84483576 0.84876341 0.84902239 0.85023093 0.85005826 0.84751177 0.84267771 0.84837109
0.85329533 0.84755492 0.84591478 0.84966981 0.85040355 0.85113728 0.84979928 0.84561265 0.84328198 0.84897518
0.85368383 0.84820235 0.84643275 0.84954035 0.85005826 0.85277742 0.85053307 0.84746861 0.84371358 0.84932041
0.85333854 0.84893608 0.84764123 0.85010141 0.84997195 0.85251844 0.85066253 0.84846133 0.84375674 0.84962243
0.85364062 0.84884977 0.84811604 0.85031724 0.85148257 0.85333854 0.85087836 0.84867710 0.84336829 0.85152102
0.85506493 0.84902239 0.84660536 0.85100782 0.85161209 0.85277742 0.85143942 0.84958351 0.84509474 0.85035598
0.85424489 0.84954035 0.84811604 0.85083514 0.85130996 0.85407227 0.85182786 0.84966981 0.84487891 0.85083061
0.85553974 0.85010141 0.84695065 0.85143942 0.85187101 0.85346800 0.85169840 0.84841812 0.84513789 0.85108954
0.85558289 0.85031724 0.84850448 0.85130996 0.85161209 0.85415858 0.85307956 0.85040355 0.84522420 0.85173678
0.85553974 0.85070568 0.84785706 0.85191417 0.85338169 0.85307956 0.85295004 0.85074884 0.84582847 0.85229772
0.85566920 0.85100782 0.84992880 0.85200053 0.85333854 0.85312271 0.85282058 0.85096467 0.84591478 0.85285866
0.85627347 0.85092151 0.85027409 0.85277742 0.85359746 0.85588503 0.85351115 0.85053307 0.84539688 0.85264295
0.85597134 0.85057622 0.85005826 0.85225946 0.85329533 0.85441756 0.85247529 0.85161209 0.84535372 0.85372168
0.85666192 0.85303640 0.85036039 0.85342485 0.85333854 0.85467649 0.85355431 0.85187101 0.84561265 0.85329020
0.85670507 0.85333854 0.85070568 0.85264796 0.85471964 0.85610080 0.85467649 0.85139626 0.84638959 0.85359222
0.85877681 0.85303640 0.85139626 0.85415858 0.85446072 0.85692090 0.85316586 0.85243213 0.84703702 0.85393745
0.85726619 0.85398591 0.85109413 0.85398591 0.85467649 0.85549659 0.85459018 0.85087836 0.84798652 0.85445523
0.85787046 0.85230267 0.85096467 0.85424489 0.85459018 0.85614401 0.85597134 0.85217315 0.84785706 0.85402375
0.85916525 0.85510814 0.85213000 0.85476285 0.85454702 0.85666192 0.85506493 0.85230267 0.84729594 0.85393745
0.85942423 0.85459018 0.85295004 0.85506493 0.85592818 0.85661876 0.85588503 0.85269111 0.84893608 0.85441208
0.85799992 0.85489231 0.85359746 0.85541022 0.85489231 0.85735250 0.85532391 0.85213000 0.84945399 0.85510248
0.85890627 0.85528076 0.85316586 0.85545343 0.85571235 0.85735250 0.85584188 0.85269111 0.84824550 0.85527509
0.85886312 0.85558289 0.85407227 0.85610080 0.85588503 0.85739565 0.85644609 0.85299325 0.84979928 0.85480040
0.85959685 0.85618716 0.85420173 0.85635978 0.85735250 0.85838836 0.85769778 0.85415858 0.84910870 0.85691476
0.86033064 0.85562605 0.85454702 0.85748196 0.85666192 0.86020112 0.85674822 0.85389960 0.84958351 0.85635382
0.86102122 0.85717988 0.85571235 0.85627347 0.85812938 0.85942423 0.85627347 0.85320902 0.84979928 0.85661274
0.86020112 0.85834521 0.85515130 0.85588503 0.85825890 0.85912210 0.85795677 0.85450387 0.84975612 0.85674220
0.86033064 0.85726619 0.85618716 0.85696405 0.85851783 0.85907894 0.85761148 0.85536706 0.85023093 0.85713053
0.86076224 0.85847467 0.85640293 0.85907894 0.85817254 0.85903579 0.85860419 0.85389960 0.85109413 0.85777777
0.86214340 0.85938108 0.85683459 0.85696405 0.85938108 0.86128014 0.85804307 0.85541022 0.85126680 0.85782093
0.86188442 0.85886312 0.85575551 0.85774094 0.85981268 0.86084855 0.85873365 0.85411543 0.85178471 0.85807985
0.86166859 0.85981268 0.85674822 0.85787046 0.86089170 0.86166859 0.85856098 0.85549659 0.85247529 0.85881341
0.86106437 0.85981268 0.85743880 0.85938108 0.85942423 0.86128014 0.85843152 0.85515130 0.85195738 0.85842502
0.86270446 0.86106437 0.85774094 0.85834521 0.86015797 0.86097801 0.85886312 0.85588503 0.85200053 0.85984898
0.86330873 0.86028743 0.85869050 0.85847467 0.86033064 0.86067593 0.85899264 0.85692090 0.85247529 0.85993528
0.86292028 0.86201388 0.85851783 0.85998535 0.86115068 0.86037380 0.85976952 0.85648930 0.85312271 0.85980582
0.86486256 0.86179811 0.85886312 0.85981268 0.86158228 0.86304975 0.86046010 0.85817254 0.85290688 0.86036676
0.86464673 0.86227286 0.85959685 0.85933793 0.86240232 0.86274761 0.86041695 0.85700721 0.85467649 0.86092770
0.86451727 0.86227286 0.85989898 0.86058956 0.86119384 0.86166859 0.86033064 0.85782725 0.85346800 0.86097085
0.86460358 0.86304975 0.86024427 0.86050326 0.86080539 0.86361086 0.85972637 0.85709351 0.85351115 0.86157495
0.86430144 0.86386985 0.86089170 0.86110753 0.86158228 0.86300659 0.86033064 0.85795677 0.85377014 0.86235166
0.86421514 0.86244553 0.86128014 0.86015797 0.86313611 0.86339504 0.86084855 0.85821569 0.85424489 0.86269689
0.86542362 0.86404246 0.86231601 0.86192757 0.86300659 0.86404246 0.86123699 0.85886312 0.85446072 0.86261058
0.86408561 0.86499202 0.86197072 0.86214340 0.86266130 0.86386985 0.86093485 0.85817254 0.85489231 0.86282635
0.86460358 0.86378348 0.86201388 0.86123699 0.86343819 0.86598474 0.86257499 0.85886312 0.85614401 0.86269689
0.86645949 0.86456043 0.86240232 0.86140966 0.86395615 0.86335188 0.86283398 0.86102122 0.85562605 0.86222219
0.86589837 0.86525100 0.86326557 0.86296344 0.86477619 0.86494887 0.86279082 0.86050326 0.85558289 0.86437970
0.86546677 0.86481935 0.86188442 0.86240232 0.86477619 0.86386985 0.86240232 0.86119384 0.85635978 0.86472493
0.86663216 0.86365402 0.86343819 0.86309290 0.86499202 0.86520779 0.86283398 0.85916525 0.85666192 0.86386192
0.86645949 0.86667532 0.86279082 0.86395615 0.86658895 0.86607105 0.86395615 0.86007166 0.85696405 0.86472493
0.86753851 0.86628687 0.86313611 0.85933793 0.86520779 0.86568260 0.86304975 0.86210024 0.85696405 0.86550164
0.86676162 0.86611420 0.86490571 0.86292028 0.86615735 0.86620051 0.86395615 0.86020112 0.85782725 0.86442286
0.86775434 0.86762482 0.86447406 0.86468989 0.86771119 0.86727953 0.86404246 0.86361086 0.85847467 0.86571735
0.86818594 0.86719322 0.86460358 0.86443090 0.86538047 0.86477619 0.86395615 0.86283398 0.85838836 0.86588997
0.86848807 0.86775434 0.86417198 0.86615735 0.86758167 0.86684793 0.86374032 0.86149597 0.85851783 0.86640775
0.86637318 0.86870384 0.86494887 0.86628687 0.86736590 0.86693424 0.86451727 0.86283398 0.85929477 0.86718446
0.86853123 0.86818594 0.86451727 0.86576891 0.86857438 0.86844492 0.86542362 0.86438775 0.85890627 0.86662352
0.86939442 0.86922181 0.86520779 0.86658895 0.86771119 0.86775434 0.86490571 0.86404246 0.85951054 0.86666667
0.87038714 0.86913550 0.86326557 0.86715007 0.86861753 0.86930811 0.86473304 0.86525100 0.86037380 0.86778855
0.86866069 0.86952394 0.86658895 0.86749536 0.86805648 0.86917865 0.86529416 0.86473304 0.85951054 0.86718446
0.86723638 0.87068927 0.86671847 0.86762482 0.86995554 0.87043029 0.86499202 0.86620051 0.85903579 0.86744338
0.87073243 0.87185466 0.86676162 0.86853123 0.86913550 0.86922181 0.86663216 0.86417198 0.86093485 0.86800432
0.86991239 0.87116408 0.86654580 0.86870384 0.86961025 0.86961025 0.86715007 0.86425829 0.86102122 0.86873788
0.87038714 0.87081879 0.86602789 0.86870384 0.87017137 0.87038714 0.86602789 0.86607105 0.86136651 0.86908305
0.87077558 0.87185466 0.86749536 0.86991239 0.86986923 0.87137985 0.86719322 0.86473304 0.86214340 0.86968714
0.87176830 0.87133670 0.86788380 0.86995554 0.86991239 0.87155253 0.86706376 0.86607105 0.86253184 0.86994606
0.87064612 0.87211359 0.86797011 0.86809963 0.87142301 0.87051666 0.86766803 0.86563945 0.86188442 0.86964399
0.87137985 0.87332213 0.86797011 0.86801332 0.87051666 0.87228626 0.86857438 0.86749536 0.86313611 0.86938512
0.87198412 0.87276101 0.86771119 0.86961025 0.87090510 0.87168199 0.86758167 0.86719322 0.86382669 0.87050700
0.87159568 0.87409902 0.86684793 0.86986923 0.87094826 0.87051666 0.87047350 0.86706376 0.86283398 0.87193096
