# pytorch neural network ReLU CrossEntropyLoss SGD:
#  unit=[80, 20],batch=64,lr=1e-02,momentum=0.0,epoch=128
0.71791069 0.70364110 0.72524330 0.71479992 0.69671589 0.70806545 0.69314816 0.67595568 0.72042811 0.68956356
0.60409814 0.57817126 0.58730345 0.58312157 0.57711509 0.58850853 0.57031297 0.56929293 0.59307663 0.58569102
0.51796015 0.49341271 0.51537613 0.49823824 0.49485969 0.49912012 0.48541582 0.49020482 0.52261465 0.51442213
0.46259300 0.44417844 0.46438810 0.44123708 0.44590944 0.44200450 0.43763710 0.44372135 0.47154711 0.46182631
0.41837794 0.41501280 0.42695846 0.41206981 0.41627843 0.41061187 0.40639648 0.41166138 0.43311764 0.42620627
0.40096055 0.40287466 0.40668624 0.39959525 0.40245465 0.39961384 0.39483033 0.40946022 0.40863891 0.40706625
0.39262482 0.39484477 0.39910583 0.39296241 0.39606155 0.39176728 0.39000700 0.39405608 0.39918891 0.39771554
0.38736468 0.38978588 0.39498114 0.38943879 0.39063052 0.38903459 0.38487246 0.38946460 0.39254445 0.39141759
0.38414955 0.38673102 0.38970610 0.38460513 0.38555574 0.38609796 0.38147000 0.38638008 0.38912907 0.38783697
0.38061373 0.38279998 0.38677547 0.38168929 0.38279742 0.38194792 0.37866324 0.38200522 0.38656150 0.38268168
0.38236213 0.37991128 0.38609111 0.37939141 0.38009402 0.37905768 0.37762908 0.37964705 0.38367520 0.38084134
0.37621054 0.37801295 0.38108465 0.37773708 0.37773493 0.37586848 0.37466310 0.37962439 0.38123832 0.37693408
0.37276139 0.37549354 0.37910747 0.37480675 0.38305010 0.37539174 0.37275331 0.37545465 0.37959673 0.37441548
0.37079074 0.37383535 0.37712615 0.37257694 0.37931582 0.37196699 0.37005524 0.37387509 0.37567671 0.37233270
0.37001276 0.37244204 0.37635709 0.37073664 0.37222949 0.37013474 0.36810949 0.37238097 0.37615418 0.37043384
0.36773573 0.37035749 0.37656538 0.36994158 0.37115750 0.36881253 0.36702693 0.37538310 0.37410066 0.36880159
0.36606773 0.37022337 0.37277504 0.37658112 0.36873709 0.36761747 0.36512344 0.37051632 0.37295651 0.36650262
0.36493052 0.36774591 0.37200769 0.36658009 0.36728349 0.36574147 0.36412045 0.36984987 0.37108335 0.36631124
0.36320533 0.36606042 0.37012546 0.36583135 0.36593060 0.36507924 0.36990188 0.36685516 0.36820095 0.36466100
0.36273020 0.36494423 0.36990139 0.36372192 0.36531830 0.36276575 0.36265474 0.36589377 0.36651403 0.36328089
0.36120033 0.36376140 0.36779519 0.36216787 0.36339484 0.36173897 0.36122873 0.36581670 0.36579733 0.36203999
0.36017609 0.36356904 0.36657101 0.36120246 0.36291695 0.36103252 0.35973453 0.36466137 0.36435993 0.36044846
0.35914032 0.36237574 0.36597479 0.36960016 0.36239292 0.36030495 0.35765118 0.36292791 0.36284348 0.36015289
0.36053628 0.36067925 0.36567075 0.35978958 0.36009345 0.36397508 0.35666967 0.36228196 0.36184874 0.35900838
0.35787714 0.36099585 0.36372445 0.35791734 0.36211466 0.35814941 0.35645882 0.36182628 0.36089118 0.35776459
0.35840143 0.35895850 0.36280258 0.35803825 0.35971797 0.35746733 0.35581839 0.36094686 0.36009735 0.35746403
0.35569047 0.35788786 0.36199280 0.35715110 0.35733973 0.35674814 0.35404654 0.35889995 0.35938067 0.35580418
0.35527839 0.35702067 0.36100820 0.35606122 0.35685854 0.35465537 0.35319479 0.35798626 0.35808610 0.35547402
0.35385889 0.35831608 0.36010833 0.35471483 0.35564601 0.35587400 0.35306343 0.35802841 0.35759427 0.35479329
0.35299475 0.35577204 0.35949724 0.35397364 0.35467164 0.35746422 0.35181270 0.36414515 0.35744574 0.35419544
0.35298393 0.35455513 0.36038126 0.35363858 0.35448728 0.35343632 0.35082739 0.35851362 0.35656286 0.35308678
0.35162661 0.35389216 0.35932989 0.35404959 0.35313277 0.35281721 0.35089397 0.35619383 0.35870745 0.35273009
0.35221376 0.35554783 0.35774519 0.35306721 0.35353023 0.35063831 0.34951861 0.35475958 0.35760150 0.35163923
0.35032580 0.35254283 0.35685327 0.35178703 0.35173079 0.34977123 0.34927800 0.35400973 0.35423765 0.35121671
0.35309756 0.35276368 0.35668178 0.35046093 0.35140534 0.34945023 0.34796558 0.35387224 0.35304823 0.35070366
0.35029779 0.35111034 0.35534916 0.34980543 0.35034704 0.34832963 0.34773747 0.35273299 0.35319090 0.34980611
0.34896361 0.35261973 0.35545296 0.35061292 0.35010216 0.34915932 0.34651621 0.35236547 0.35246912 0.34973356
0.34821828 0.35026556 0.35376325 0.34877500 0.34955903 0.34743104 0.34602337 0.35203958 0.35121432 0.34862006
0.34707327 0.34924184 0.35549726 0.34871785 0.34857079 0.34696787 0.34542470 0.35100153 0.35940437 0.34975509
0.34642905 0.34918768 0.35313843 0.34938101 0.34999186 0.34584814 0.34574244 0.35624338 0.35066539 0.34852375
0.34754203 0.34900186 0.35173019 0.34908314 0.34822952 0.34530456 0.34426220 0.35566268 0.34959259 0.34699021
0.34556927 0.34827027 0.35266050 0.34734184 0.35226427 0.34434779 0.34645181 0.35097076 0.34890287 0.34662048
0.34531409 0.35207651 0.35068851 0.34667799 0.34673880 0.34382351 0.34399043 0.34982558 0.34879896 0.34592534
0.34414030 0.34760310 0.35096905 0.34491474 0.34510911 0.34319660 0.34257353 0.35148330 0.34884886 0.34533371
0.34316064 0.34577819 0.35107874 0.34458781 0.34462862 0.34237011 0.34191775 0.34883956 0.35326732 0.34581061
0.34276268 0.34549579 0.34918826 0.34406611 0.34626424 0.34206240 0.34144404 0.34739032 0.34875606 0.34472301
0.34332376 0.34469399 0.34823692 0.34575968 0.34364503 0.34258945 0.34124733 0.34794071 0.34823127 0.34494437
0.34228401 0.34411119 0.34816926 0.34358874 0.34293363 0.34046143 0.34498660 0.34637310 0.34596167 0.34326850
0.34256805 0.34673610 0.34701427 0.34326766 0.34247027 0.34005415 0.33996932 0.34814553 0.34585630 0.34293290
0.34075452 0.34357073 0.34728088 0.34456009 0.34194683 0.33995215 0.33948160 0.34557157 0.34525232 0.34246254
0.34011811 0.34278447 0.34680166 0.34209132 0.34134774 0.34095802 0.34269439 0.34629921 0.34486234 0.34224558
0.33950463 0.34214658 0.34536884 0.34141837 0.34211395 0.33986380 0.34004373 0.34614476 0.34418111 0.34210038
0.33880280 0.34197011 0.34602079 0.34091571 0.34063450 0.33778914 0.34022717 0.34420993 0.34917987 0.34152968
0.33857666 0.34094669 0.34606085 0.34073128 0.34108694 0.33958139 0.33859868 0.34320071 0.34455034 0.34098199
0.33781837 0.34097444 0.34455518 0.34022830 0.33946957 0.33922316 0.33769372 0.34254138 0.34313265 0.34009435
0.33859308 0.34165531 0.34318739 0.33934499 0.33932691 0.33644142 0.33619209 0.34375391 0.34254303 0.33929505
0.33749308 0.33959259 0.34369990 0.33912235 0.33827677 0.33558084 0.33840334 0.34204240 0.34257429 0.33909448
0.33667645 0.33996291 0.34201340 0.34018636 0.34412286 0.33628871 0.33972884 0.34196794 0.34253237 0.33865357
0.33907367 0.34045050 0.34437987 0.33828330 0.33918350 0.33448978 0.33560366 0.34089091 0.34153811 0.33804751
0.33536210 0.34173563 0.34170224 0.33836691 0.33679064 0.33421086 0.33426399 0.34140592 0.34191765 0.33754778
0.33471858 0.33721343 0.34128227 0.33724594 0.33636917 0.33308526 0.33394349 0.34175877 0.34424644 0.33772190
0.33426353 0.33652639 0.34020717 0.33818778 0.33559857 0.33264957 0.33451459 0.34154653 0.34088518 0.33792563
0.33491599 0.33695483 0.33950260 0.33743420 0.33520851 0.33233249 0.33598388 0.33972025 0.33990616 0.33605249
0.33529831 0.33647527 0.33929699 0.33623636 0.33513499 0.33237813 0.33519397 0.34202055 0.33943609 0.33619411
0.33328114 0.33499455 0.33853514 0.33697201 0.33396600 0.33112729 0.33237795 0.33792392 0.33982051 0.33544565
0.33276957 0.33475264 0.33955211 0.33665543 0.33364036 0.33094898 0.33263412 0.33757943 0.33877236 0.33629354
0.33289166 0.33376390 0.34232171 0.33572797 0.33533733 0.33111099 0.33074622 0.33681553 0.33830026 0.33452730
0.33524440 0.33458423 0.33856404 0.33466359 0.33372803 0.32937482 0.33067423 0.33632683 0.33802854 0.33417906
0.33056015 0.33385803 0.33718282 0.33461602 0.33210734 0.33123788 0.34018351 0.33576052 0.33780062 0.33352600
0.32968393 0.33214159 0.33655160 0.33329973 0.33167089 0.32864047 0.33149345 0.34141770 0.33754065 0.33303077
0.33046515 0.33155918 0.33714583 0.33337564 0.33101558 0.34185338 0.32896079 0.34340969 0.33808159 0.33254080
0.32996832 0.33558882 0.33551418 0.33243748 0.33081634 0.33038388 0.32840935 0.33956468 0.33647973 0.33273752
0.32835053 0.33085779 0.33473121 0.33440476 0.33528971 0.32776695 0.32885812 0.33444166 0.33815351 0.33251740
0.32756990 0.33100832 0.33422589 0.33259994 0.33105861 0.32660729 0.32799820 0.33459775 0.33559954 0.33215014
0.32754286 0.32941536 0.33622341 0.33341789 0.32908417 0.32711948 0.32724028 0.33294062 0.33704781 0.33089431
0.32743399 0.32902899 0.33497414 0.33084796 0.32892345 0.32539028 0.32723629 0.33346197 0.33522470 0.33077383
0.32582936 0.32843753 0.33270283 0.33193639 0.32942200 0.32478748 0.32848033 0.33219595 0.33540848 0.32968147
0.32506471 0.32825002 0.33227875 0.33299507 0.32823324 0.32546565 0.32655418 0.33135962 0.33648720 0.32891179
0.32474515 0.32742134 0.33280274 0.33039270 0.33377555 0.32401641 0.32503859 0.33822514 0.33569964 0.32835019
0.32593906 0.32747403 0.33231143 0.32907533 0.33041442 0.32270118 0.32484414 0.33284630 0.33633514 0.32893815
0.32649231 0.32771864 0.33250623 0.32849359 0.32669994 0.32567830 0.32389032 0.33016415 0.33480660 0.32880821
0.32443440 0.32676082 0.33064686 0.32958058 0.32579741 0.32441813 0.32378795 0.33002140 0.33356178 0.32747437
0.32251464 0.32517945 0.33295441 0.32803282 0.32520733 0.32186104 0.32350138 0.32938187 0.33251097 0.32740727
0.32209199 0.32504895 0.33023792 0.32731842 0.32424277 0.32142153 0.32239659 0.33083424 0.33214341 0.32640085
0.32167975 0.32430886 0.33015560 0.32694094 0.32375146 0.32088507 0.32334807 0.32893931 0.33158213 0.32608718
0.32510769 0.32571519 0.32862288 0.32640210 0.32303318 0.32306652 0.32187655 0.32742937 0.33135566 0.32547725
0.32058301 0.32402737 0.32766536 0.32969339 0.32355983 0.32047772 0.32205047 0.32692959 0.33101181 0.32471990
0.31969483 0.32252979 0.32702130 0.32676654 0.32367697 0.31923909 0.32245582 0.32652328 0.33059115 0.32429624
0.31932322 0.32129674 0.32753521 0.32528880 0.32244670 0.31793560 0.32014422 0.32577189 0.33064765 0.32452820
0.31818461 0.32094655 0.32706328 0.32435519 0.32117334 0.31755653 0.31957764 0.32747378 0.33109792 0.32283348
0.32107675 0.32036203 0.33012299 0.32399573 0.32049389 0.31692614 0.32047820 0.32555223 0.33283418 0.32256629
0.31854184 0.31965011 0.32609826 0.32319919 0.32059833 0.31663681 0.31913856 0.32462803 0.32940590 0.32312784
0.31720872 0.31998926 0.32512905 0.32295340 0.32260745 0.31878844 0.31948451 0.32431833 0.32845152 0.32235230
0.31642895 0.31867974 0.32424008 0.32308194 0.32005198 0.32057158 0.31822208 0.32326645 0.32958905 0.32110916
0.31599745 0.31853310 0.32414130 0.32186218 0.31928869 0.32295580 0.31738411 0.32304863 0.32742564 0.32082366
0.31583810 0.31735367 0.32454766 0.32135169 0.32111815 0.31487348 0.31685765 0.32474865 0.32935522 0.32028481
0.31503468 0.31749446 0.32292022 0.32160099 0.31842455 0.31490888 0.31631574 0.32356297 0.33260931 0.31957670
0.31442497 0.31618898 0.32293234 0.32358180 0.33019947 0.31377245 0.31814074 0.32158598 0.32864599 0.32159661
0.31393890 0.31746794 0.32214268 0.32187155 0.32301108 0.31456240 0.31674675 0.32253667 0.32967635 0.31877576
0.31638253 0.31611666 0.32212207 0.32850408 0.31700595 0.31319778 0.31458495 0.32207304 0.32798746 0.31797783
0.31399759 0.31443137 0.32109797 0.32096915 0.31562817 0.31164412 0.31455464 0.32015783 0.32716013 0.31688244
0.31629653 0.31412333 0.32034854 0.32296085 0.31531908 0.31194816 0.31386929 0.32132380 0.32538419 0.31730754
0.31530858 0.31533792 0.31974327 0.32258756 0.31460216 0.31092271 0.31367175 0.32030838 0.32459271 0.31726134
0.31192682 0.31583934 0.31950310 0.32062042 0.31429563 0.31286105 0.31303644 0.31893206 0.32396429 0.31613172
0.31056440 0.31281003 0.31880523 0.31763132 0.31391792 0.31173387 0.31421950 0.31870582 0.32373185 0.31572506
0.31095026 0.31197085 0.31918996 0.31901644 0.31388503 0.31356343 0.31266469 0.31766834 0.32357289 0.31457229
0.30962189 0.31612459 0.32024838 0.31754600 0.31257110 0.31021705 0.31140242 0.31947119 0.32299820 0.31518417
0.30824800 0.31447588 0.31805273 0.31672144 0.31282986 0.30747180 0.31118865 0.31959616 0.32247529 0.31375221
0.30869990 0.31030885 0.31797484 0.32006976 0.31130577 0.30735500 0.31061913 0.31673031 0.32193917 0.31321602
0.30788159 0.31094622 0.31675947 0.32763193 0.31099506 0.30686722 0.31084481 0.31591133 0.32168544 0.31305883
0.30786678 0.31086464 0.31653317 0.31574062 0.31031259 0.30577372 0.31013959 0.31572859 0.32118421 0.31199087
0.30653200 0.30926904 0.31677636 0.31353233 0.31427801 0.30561910 0.30949799 0.31505536 0.32091204 0.31143633
0.30594384 0.30789082 0.31952546 0.31314142 0.31078958 0.30628935 0.30873801 0.31591012 0.32277552 0.31077312
0.30714448 0.31033578 0.31494866 0.31269752 0.31079015 0.30495092 0.30896570 0.31364777 0.32090053 0.31067105
0.30617308 0.30720654 0.31715713 0.31174138 0.30904917 0.30417947 0.30779106 0.31379421 0.31975638 0.31001206
0.30479927 0.30598551 0.31462962 0.31124289 0.30948523 0.30398824 0.30707701 0.31265019 0.31956084 0.30884713
0.30383719 0.30547489 0.31918647 0.31213963 0.30819345 0.30291966 0.30650058 0.31197963 0.31900426 0.30826319
0.30438165 0.30588366 0.31595652 0.31118211 0.30707801 0.30240276 0.30658792 0.31154504 0.31905875 0.30830433
0.30593208 0.30553651 0.31231530 0.30993198 0.30645012 0.30210645 0.30563529 0.31099440 0.31834842 0.30811511
0.30687505 0.30372824 0.31200593 0.30985878 0.30608459 0.30083709 0.30555291 0.31169973 0.31764987 0.30739957
0.30313225 0.30317851 0.31113929 0.30890218 0.30556393 0.30151853 0.30463219 0.31308569 0.31740037 0.30682130
0.30143159 0.30419153 0.31250578 0.30842264 0.30508106 0.30023800 0.30536296 0.31092725 0.31683431 0.30698191
0.30441761 0.30259337 0.31539396 0.30761558 0.30426670 0.29986772 0.30490379 0.31020623 0.31868395 0.30588019
0.30241416 0.30336741 0.31043295 0.30700747 0.30377040 0.29987700 0.30389297 0.30994565 0.31624465 0.30522377
0.30086503 0.30160718 0.30934628 0.30648822 0.30405123 0.30006207 0.30273988 0.30752054 0.31703152 0.30448644
0.30091762 0.30063140 0.30899950 0.30684517 0.30303985 0.30046202 0.30226294 0.30724705 0.31526334 0.30404631
0.29912861 0.29957725 0.30995764 0.30570762 0.30424059 0.29718376 0.30204682 0.31270875 0.31477019 0.30325401
0.29799411 0.29906354 0.31155012 0.30493503 0.30282530 0.29896019 0.30158779 0.30726691 0.31419521 0.30374240
0.29974087 0.29916737 0.30850196 0.30420201 0.30165878 0.29905608 0.30152909 0.30544559 0.31687328 0.30226166
