# pytorch neural network ReLU CrossEntropyLoss SGD:
#  unit=[80, 40, 20],batch=64,lr=1e-02,momentum=0.9,epoch=128
# train_loss, train_acc, val_loss, val_acc
0.68697557 0.54762021 0.68662357 0.55302305
0.45490239 0.77503278 0.38610487 0.81750273
0.37546590 0.82662196 0.36927114 0.82965625
0.36360447 0.83245291 0.36806712 0.82930722
0.35841740 0.83623374 0.36491804 0.83307384
0.35355404 0.83818460 0.35705370 0.83485982
0.34966611 0.84048069 0.35704644 0.83905410
0.34504544 0.84384717 0.35415942 0.83959830
0.34057869 0.84626849 0.34922183 0.84379012
0.33694705 0.84883221 0.35143936 0.84018077
0.33496313 0.85073980 0.34653061 0.84344174
0.33115079 0.85352365 0.34375537 0.84604321
0.32821830 0.85492200 0.34567357 0.84557747
0.32544071 0.85716636 0.34855291 0.84573419
0.32655865 0.85616497 0.35808340 0.83820369
0.32272079 0.85764538 0.33705895 0.85066469
0.31515067 0.86202188 0.33498154 0.85151790
0.31438336 0.86342023 0.33732338 0.85178982
0.31482938 0.86184047 0.33927448 0.84915143
0.30977435 0.86433514 0.33686607 0.85155690
0.30667522 0.86640690 0.33551129 0.85171227
0.30323414 0.86945828 0.33569568 0.84969527
0.30245034 0.86908714 0.33766760 0.84919080
0.29879866 0.87090850 0.33361897 0.85299515
0.29589776 0.87303633 0.33159774 0.85606227
0.29285495 0.87408077 0.32600662 0.86029410
0.28814798 0.87691206 0.33318528 0.85485750
0.28601020 0.87801272 0.34795148 0.84876459
0.29654299 0.87114574 0.32989865 0.85749860
0.28616394 0.87770621 0.32279180 0.85978780
0.28091681 0.88043397 0.33147144 0.85792571
0.28089513 0.88121504 0.33105033 0.85722659
0.27775937 0.88235888 0.34046772 0.85245203
0.27943094 0.88150855 0.32603685 0.86002172
0.27378473 0.88354570 0.32492558 0.86188679
0.27189532 0.88525917 0.32398333 0.86060320
0.26944944 0.88618279 0.33245213 0.85575226
0.26925383 0.88585905 0.32912413 0.86106932
0.26343530 0.88942843 0.33480479 0.85932432
0.27254770 0.88520727 0.34055042 0.85284067
0.27127734 0.88493962 0.32950961 0.85936215
0.26407332 0.88918232 0.34173138 0.85773234
0.27056505 0.88433960 0.32688014 0.86339877
0.25705861 0.89185831 0.32501065 0.86456291
0.25372003 0.89368397 0.32249724 0.86596080
0.25148145 0.89557013 0.32446101 0.86433089
0.25670855 0.89167265 0.33221902 0.85881813
0.25222595 0.89454710 0.32476368 0.86689219
0.24403223 0.89821140 0.32261679 0.86557323
0.24114684 0.90011916 0.33025176 0.86565151
0.24086841 0.90078813 0.32194642 0.86421344
0.23536688 0.90215629 0.32289358 0.86813598
0.23515224 0.90286415 0.33547287 0.86370735
0.23667118 0.90185408 0.32497597 0.86856309
0.23324868 0.90325246 0.32797405 0.86650338
0.23895975 0.89976505 0.33604481 0.86475548
0.22998606 0.90449983 0.32703596 0.87046363
0.22439343 0.90740885 0.31930178 0.87283328
0.22323687 0.90752537 0.35716219 0.86099067
0.24170369 0.89778391 0.32983480 0.86541950
0.22968870 0.90301931 0.32268761 0.86836889
0.22417861 0.90755122 0.33280796 0.86599981
0.23004346 0.90458170 0.32725726 0.86871810
0.22364054 0.90700734 0.34509135 0.86774734
0.21847592 0.91011921 0.34635262 0.86596233
0.22082418 0.90876830 0.33569965 0.86813698
0.21888936 0.90991635 0.33199051 0.87127784
0.21091066 0.91297646 0.33713702 0.86968877
0.21048513 0.91350729 0.33690727 0.87058254
0.20965961 0.91385252 0.33338307 0.87166923
0.20834097 0.91411155 0.34419671 0.86573015
0.21903625 0.90918685 0.34419890 0.86689356
0.20610369 0.91464233 0.33482313 0.87279409
0.20000478 0.91778451 0.34247254 0.87038780
0.20457892 0.91628673 0.34057260 0.87236744
0.20311746 0.91589398 0.33919249 0.87023262
0.19726475 0.91848798 0.34085804 0.87042436
0.19556082 0.91938573 0.33908163 0.87434698
0.19426631 0.92042585 0.34403429 0.87481265
0.19006127 0.92230762 0.36870914 0.86829135
0.20181483 0.91569974 0.35563233 0.86774679
0.20462252 0.91528530 0.34705803 0.87221342
0.19672122 0.91909643 0.39970908 0.86243036
0.20727817 0.91372710 0.35249155 0.86980543
0.20212383 0.91604924 0.34651347 0.87295073
0.19484901 0.91922588 0.35396991 0.86906812
0.19730737 0.91817706 0.35916656 0.87054327
0.19882823 0.91910491 0.36404541 0.86739705
0.20651887 0.91433563 0.34924299 0.87035090
0.18942478 0.92257509 0.36376927 0.86673901
0.19815293 0.91757272 0.35269051 0.87159286
0.19151738 0.92140973 0.35526180 0.87364923
0.18211756 0.92552726 0.36026513 0.87299119
0.18581144 0.92412452 0.35543445 0.87345529
0.18377760 0.92519494 0.37747122 0.87038890
0.19586859 0.91856980 0.35497688 0.87267763
0.18728137 0.92239379 0.37301865 0.86351361
0.18600090 0.92245415 0.36996551 0.86856300
0.18690899 0.92333025 0.37038512 0.86798170
0.19554904 0.91863868 0.36551114 0.87038373
0.18432432 0.92399492 0.35876941 0.87240681
0.18081596 0.92566526 0.37433109 0.86961069
0.17854526 0.92686949 0.36878723 0.87065863
0.18160828 0.92563508 0.35841928 0.87197707
0.17569737 0.92830666 0.37629631 0.87263890
0.17910684 0.92752111 0.37695830 0.86565415
0.18444226 0.92386543 0.37759599 0.87244726
0.17888447 0.92714992 0.36767007 0.87345638
0.17051245 0.93069351 0.36596788 0.87469618
0.17191949 0.93051644 0.37905327 0.87578449
0.16727497 0.93160417 0.43655560 0.86802270
0.18723880 0.92173749 0.37043134 0.86992106
0.17966861 0.92576439 0.37632443 0.87124103
0.17604836 0.92749951 0.39373313 0.86510785
0.18342020 0.92399906 0.37244279 0.87167177
0.17593154 0.92753392 0.37933689 0.87318366
0.17478433 0.92785774 0.39727180 0.86681538
0.18623386 0.92311859 0.38454280 0.86907093
0.17897796 0.92527670 0.37696872 0.87023225
0.17194250 0.92863015 0.38190717 0.87120302
0.16927917 0.93054231 0.37701543 0.87531875
0.16661209 0.93127168 0.40594930 0.87007771
0.16699952 0.93191041 0.41541562 0.86475903
0.18772156 0.92185827 0.37853664 0.87244652
0.17376694 0.92847912 0.38909385 0.87322130
0.16399602 0.93248015 0.41537152 0.86705020
0.16828062 0.93152208 0.39546207 0.86922357
0.16946601 0.93057237 0.39510536 0.87229170
0.16390664 0.93299804 0.42161600 0.86099313
