# pytorch neural network ReLU CrossEntropyLoss SGD:
#  unit=[80, 40, 20],batch=64,lr=1e-02,momentum=0.9,epoch=128
0.28844577 0.57266176 0.71159738 0.29798436 0.71112263 0.34515947 0.64724416 0.71522295 0.70766973 0.47909385
0.76654148 0.78056884 0.76459926 0.76442659 0.77318829 0.77033967 0.78151840 0.78415126 0.78907162 0.77592236
0.82787347 0.82778710 0.82243514 0.82420474 0.82584488 0.82636279 0.82865036 0.82606071 0.83085155 0.82614887
0.83167166 0.83283699 0.82972938 0.83175796 0.83227587 0.83382970 0.83482242 0.83210325 0.83417499 0.83132684
0.83452028 0.83931112 0.83275068 0.83680779 0.83443391 0.83702362 0.84030384 0.83326858 0.83969963 0.83421791
0.83676463 0.84358412 0.83616036 0.83771420 0.83728260 0.83641934 0.84228927 0.83788681 0.83896583 0.83477885
0.84017438 0.84090811 0.83853424 0.84233242 0.83719623 0.84207344 0.84440416 0.84000170 0.84133971 0.83784252
0.84336829 0.84682119 0.84121025 0.84626007 0.84233242 0.84241873 0.84578532 0.84289354 0.84595793 0.84142393
0.84798652 0.84742546 0.84198713 0.84738231 0.84673488 0.84513789 0.85208684 0.84367043 0.84768438 0.84258902
0.84781390 0.85178471 0.84768438 0.84962666 0.84708017 0.84772760 0.85191417 0.84884977 0.85165524 0.84418553
0.84656221 0.84884977 0.85010141 0.85351115 0.85152572 0.85225946 0.85394275 0.84872025 0.85312271 0.84880257
0.85174155 0.85597134 0.85312271 0.85484916 0.85424489 0.85579872 0.85588503 0.85126680 0.85156888 0.85078746
0.85295004 0.85903579 0.85325217 0.85674822 0.85575551 0.85588503 0.85588503 0.84962666 0.85648930 0.85359222
0.85489231 0.86020112 0.85726619 0.85920841 0.85592818 0.85635978 0.85989898 0.85394275 0.85964006 0.85432577
0.85476285 0.85338169 0.84626007 0.85787046 0.85851783 0.86020112 0.85722303 0.85851783 0.85877681 0.85613805
0.84915191 0.86369717 0.84185767 0.86188442 0.85705036 0.86145282 0.86244553 0.85920841 0.86266130 0.85704422
0.85730934 0.86538047 0.86033064 0.86274761 0.86261815 0.86231601 0.86715007 0.86033064 0.86330873 0.85872710
0.85769778 0.86719322 0.86110753 0.86563945 0.86149597 0.86676162 0.86348140 0.86149597 0.86792696 0.86140239
0.86106437 0.86948079 0.86598474 0.86520779 0.86339504 0.86563945 0.86818594 0.82774395 0.86809963 0.86360300
0.86123699 0.87163883 0.86710691 0.85480601 0.86693424 0.86680478 0.86093485 0.85968322 0.86930811 0.86489749
0.86369717 0.87345159 0.86779749 0.86844492 0.86736590 0.85087836 0.87081879 0.86676162 0.87043029 0.86442286
0.86706376 0.87384003 0.87181145 0.87017137 0.87116408 0.86507833 0.87202728 0.86184126 0.87310630 0.86847895
0.86322242 0.87530750 0.87060297 0.87284732 0.86460358 0.86162543 0.87284732 0.86797011 0.87513489 0.86670983
0.85989898 0.87638652 0.86546677 0.87539387 0.87375373 0.86818594 0.87526435 0.86935127 0.87716347 0.86822009
0.86917865 0.87901938 0.87440115 0.87535071 0.87349474 0.86961025 0.87604123 0.87427163 0.87012821 0.86886734
0.87043029 0.87945098 0.87781090 0.87845826 0.85640293 0.87565279 0.87914884 0.87457377 0.87824249 0.87063646
0.87150937 0.88160902 0.87630022 0.88122058 0.87306315 0.87595493 0.87863094 0.87599808 0.88087529 0.87395900
0.87483275 0.88070267 0.87897623 0.87970996 0.87707710 0.87888992 0.88152272 0.87289047 0.88337862 0.87214673
0.81117010 0.87828565 0.87828565 0.88273126 0.87867409 0.86533731 0.88644308 0.87289047 0.88393974 0.87370008
0.85459018 0.88299018 0.88152272 0.88316286 0.88065952 0.87763822 0.88570935 0.86986923 0.88635677 0.87456310
0.86399931 0.88501877 0.88497561 0.88471663 0.88048685 0.88104796 0.88160902 0.88048685 0.88657260 0.87542611
0.86827224 0.88316286 0.87983942 0.88782424 0.88277441 0.87094826 0.88795376 0.88044369 0.88980967 0.88112187
0.87198412 0.89011180 0.88691789 0.88622731 0.88204068 0.87819934 0.88238597 0.88009840 0.88665891 0.87896442
0.87163883 0.88898963 0.89106131 0.85105097 0.88346499 0.87962365 0.88946438 0.88605464 0.89296043 0.88077670
0.87181145 0.89054340 0.88955069 0.88251543 0.86758167 0.88428503 0.88989598 0.88480300 0.89205402 0.88241637
0.87686133 0.89330572 0.89231300 0.88497561 0.86071908 0.88691789 0.89011180 0.88769478 0.89559323 0.88409925
0.87466013 0.89274460 0.89088869 0.88143641 0.88208383 0.88782424 0.88467348 0.88652939 0.89619750 0.88478965
0.88053000 0.88463032 0.89352149 0.86408561 0.88549358 0.88907593 0.89231300 0.88778108 0.89533430 0.88582522
0.88074583 0.89330572 0.89645648 0.88355130 0.88903278 0.89127713 0.89278775 0.88130695 0.89801025 0.88781011
0.88221329 0.87642974 0.89529115 0.88601148 0.89024127 0.89274460 0.88864434 0.89024127 0.86218655 0.88806903
0.88506192 0.88501877 0.89611119 0.88989598 0.89179510 0.88501877 0.84802967 0.89270145 0.88588202 0.88988131
0.88873065 0.89127713 0.89835554 0.88480300 0.87958050 0.89378047 0.88355130 0.89132029 0.88886011 0.89156419
0.88027108 0.89429843 0.88009840 0.89119083 0.89153612 0.87297684 0.88726318 0.89619750 0.85614401 0.89341962
0.88510507 0.89908928 0.89278775 0.89300358 0.89602488 0.89101815 0.89222670 0.89291728 0.88514829 0.89126211
0.88147956 0.89965039 0.89693123 0.89283091 0.89533430 0.89347833 0.89606804 0.89675862 0.89101815 0.89329016
0.88920540 0.90029782 0.89766496 0.89179510 0.89874399 0.89788079 0.89542061 0.89770812 0.89438474 0.89259976
0.88873065 0.89982301 0.90189475 0.89861453 0.89883035 0.89675862 0.84483576 0.89865768 0.89481634 0.89376485
0.89274460 0.89861453 0.90206742 0.87642974 0.89127713 0.89818293 0.88657260 0.90211058 0.90034097 0.89713055
0.89520478 0.90258533 0.90349174 0.88739264 0.89913249 0.90042728 0.89144981 0.90271485 0.89977986 0.89993525
0.89563644 0.90439814 0.90353489 0.89641333 0.89818293 0.90310329 0.89606804 0.90258533 0.90202427 0.89924490
0.88873065 0.90737623 0.90728992 0.89943457 0.90215373 0.90150630 0.89762181 0.90306014 0.90090209 0.89980584
0.89874399 0.89809662 0.90603822 0.90016830 0.90357804 0.90582246 0.89861453 0.90474343 0.90431178 0.90144551
0.89313304 0.90470022 0.90836895 0.90094525 0.90340543 0.90530449 0.90236956 0.90370756 0.90603822 0.90066880
0.90038413 0.90504551 0.91143340 0.90193796 0.90362120 0.87716347 0.90284431 0.90698779 0.90439814 0.90472490
0.90224004 0.90681511 0.89822608 0.90439814 0.90534765 0.89058656 0.90228325 0.90754890 0.90875739 0.90632147
0.90137684 0.90918899 0.90979326 0.90375072 0.90685833 0.89481634 0.85113728 0.90905952 0.90573609 0.90593314
0.90444130 0.90996593 0.90262854 0.90526134 0.91031116 0.89904612 0.89101815 0.90776467 0.90858477 0.90597630
0.90491605 0.91035438 0.91246927 0.90340543 0.90910268 0.90280116 0.89865768 0.91143340 0.91315985 0.90778857
0.90452760 0.91117442 0.91484308 0.90629721 0.90918899 0.90094525 0.90310329 0.90711725 0.91039753 0.90765911
0.83875006 0.91380721 0.91441149 0.90810996 0.90586561 0.90400964 0.90444130 0.86853123 0.91233975 0.90757281
0.86274761 0.91199446 0.91475677 0.90435493 0.91044068 0.90034097 0.90068626 0.90133369 0.91449779 0.90903991
0.87888992 0.91285771 0.91764855 0.91048384 0.91290087 0.90357804 0.90763521 0.90508872 0.91639692 0.91003239
0.88061637 0.91540420 0.91950452 0.91169232 0.91350514 0.90836895 0.90823948 0.86175495 0.91531789 0.91141313
0.87958050 0.91570634 0.91691482 0.90785098 0.91337562 0.91013855 0.90370756 0.89429843 0.91665590 0.91184467
0.88950753 0.91769177 0.91795069 0.90465707 0.91272819 0.91341877 0.91104496 0.90357804 0.91760540 0.91300970
0.89649963 0.91596532 0.89041394 0.91044068 0.91609478 0.91229659 0.90979326 0.90776467 0.91613793 0.91227615
0.89956409 0.92088568 0.91346198 0.90142000 0.91592216 0.91488630 0.91393673 0.88506192 0.92002243 0.91400218
0.90163583 0.91984981 0.91557688 0.90970695 0.91505891 0.91549051 0.91536105 0.90314645 0.91980666 0.91413158
0.89490265 0.92075616 0.91514522 0.91177869 0.91596532 0.91583580 0.91618109 0.90659934 0.92213732 0.91577131
0.90487289 0.90388018 0.91855496 0.91639692 0.91859812 0.91648322 0.91549051 0.91151971 0.91467047 0.91805828
0.88627046 0.91769177 0.92041087 0.91574949 0.92092884 0.91669905 0.91656953 0.91121757 0.91993612 0.91564184
0.90293062 0.92192155 0.90245587 0.91803706 0.88053000 0.89390999 0.91898656 0.91367775 0.92274159 0.91667747
0.90500236 0.92010880 0.91734648 0.91536105 0.90992272 0.90953428 0.91380721 0.91341877 0.92252576 0.91939592
0.90979326 0.92174888 0.92261213 0.91984981 0.91397989 0.91592216 0.91682851 0.91631061 0.92256898 0.91823083
0.91022485 0.92308688 0.92459750 0.91885710 0.91225344 0.91531789 0.92148989 0.88955069 0.92658293 0.92090613
0.88199753 0.92382061 0.92161942 0.91924554 0.91933185 0.91285771 0.92006558 0.91337562 0.92602181 0.92060411
0.90085888 0.92347533 0.92619449 0.91894341 0.92209417 0.91726011 0.92032456 0.90949112 0.92658293 0.91965479
0.89736283 0.92429537 0.92645347 0.92140359 0.92110145 0.91777807 0.92334586 0.91756225 0.92489964 0.91965479
0.90793735 0.92593551 0.92843884 0.92196470 0.92364800 0.91911608 0.92278475 0.90413916 0.92757565 0.92271847
0.90867108 0.92412275 0.92748934 0.92265528 0.92403644 0.92200786 0.92567652 0.91462731 0.92899996 0.92478967
0.90979326 0.92610818 0.92770511 0.92338902 0.92481333 0.91859812 0.85838836 0.92010880 0.92675561 0.92133766
0.91346198 0.92796409 0.92887050 0.92308688 0.92248261 0.88070267 0.88989598 0.91307348 0.92822307 0.92509168
0.91290087 0.92817992 0.93029481 0.92563337 0.91950452 0.90832579 0.88886011 0.92045403 0.93215072 0.92466021
0.91570634 0.92692822 0.92912942 0.92390692 0.84241873 0.91760540 0.89990938 0.92235315 0.93163276 0.92768067
0.91449779 0.92066985 0.92861152 0.92256898 0.87263155 0.92105830 0.90413916 0.92028141 0.93085587 0.92517799
0.91842550 0.92891365 0.93012214 0.92222369 0.88346499 0.92235315 0.90543401 0.92256898 0.93210757 0.92664510
0.91816652 0.92904311 0.92930210 0.92433858 0.88778108 0.92196470 0.91173553 0.90051359 0.93245286 0.92647249
0.91851181 0.93297076 0.91074282 0.90867108 0.89874399 0.92507231 0.91372091 0.91859812 0.93344557 0.93057173
0.91911608 0.93180543 0.92757565 0.91864127 0.90655619 0.88268805 0.91303033 0.87845826 0.93603522 0.92944986
0.92226684 0.93297076 0.92839569 0.92295742 0.90763521 0.91954768 0.91713065 0.91065645 0.93448144 0.92970872
0.91941822 0.93124431 0.93327290 0.92472702 0.91078597 0.92187840 0.91855496 0.85553974 0.93094218 0.92936355
0.91825283 0.93417931 0.92645347 0.92649662 0.91380721 0.92209417 0.91674221 0.88860112 0.93733007 0.93014026
0.92446804 0.93499935 0.93292761 0.92912942 0.91583580 0.92826623 0.92084253 0.89995253 0.93741637 0.93143475
0.92429537 0.92347533 0.93236655 0.92809355 0.91751909 0.92990637 0.91540420 0.90482974 0.93366134 0.93169361
0.92274159 0.92118782 0.93400663 0.93098539 0.91708750 0.93120116 0.92343217 0.90370756 0.93659633 0.93100321
0.92520177 0.93189174 0.93448144 0.92869782 0.83149898 0.93197805 0.92502916 0.91000909 0.93953127 0.92737865
0.92731667 0.93586260 0.93271184 0.93318659 0.85389960 0.93292761 0.92554706 0.91268504 0.93901336 0.93078750
0.92934525 0.93564677 0.93642366 0.93128747 0.85027409 0.93042427 0.92477018 0.91350514 0.93979025 0.93307441
0.92874098 0.93586260 0.93853855 0.93120116 0.87630022 0.90720361 0.92489964 0.91583580 0.93927228 0.93544769
0.85251844 0.93422246 0.93547410 0.93064010 0.88523459 0.93076956 0.92636710 0.91786438 0.93953127 0.93376482
0.88886011 0.93685526 0.93590575 0.93124431 0.89028442 0.93120116 0.92740297 0.92183518 0.94069660 0.93566340
0.89442790 0.93633735 0.93698478 0.93284130 0.89585221 0.93422246 0.92710090 0.92222369 0.94035131 0.93631071
0.90025467 0.93638051 0.94009238 0.93551731 0.89533430 0.93491304 0.92912942 0.92105830 0.94130087 0.93471414
0.91156286 0.93914282 0.93944496 0.93508565 0.90107471 0.90124738 0.92787778 0.92343217 0.94263887 0.93484360
0.91626745 0.93884069 0.93810695 0.93197805 0.90344858 0.91691482 0.92938840 0.92468387 0.94518536 0.93825245
0.92002243 0.92071301 0.93927228 0.93340242 0.90780783 0.92356163 0.92865467 0.91937500 0.94363159 0.93877023
0.91497260 0.93504250 0.93754584 0.93642366 0.91005224 0.92813671 0.92964739 0.86939442 0.94143033 0.93600863
0.92356163 0.93879753 0.93007898 0.93573308 0.91164917 0.92861152 0.92986315 0.89995253 0.93422246 0.93902910
0.92641032 0.94117141 0.93991971 0.93625104 0.91264188 0.92930210 0.93068326 0.91018170 0.94332945 0.93704420
0.92533123 0.94164616 0.94173247 0.92554706 0.91246927 0.93322974 0.93400663 0.91195130 0.93836594 0.94088459
0.92515862 0.94207776 0.94138718 0.92925894 0.91031116 0.93279815 0.93681210 0.91467047 0.94531488 0.93825245
0.92783463 0.94130087 0.94035131 0.93560362 0.91104496 0.93452460 0.93379086 0.91894341 0.83370018 0.94028050
0.92291427 0.94393373 0.94302732 0.93974710 0.91825283 0.93534464 0.93249601 0.92058355 0.85994214 0.94140238
0.92947471 0.94078296 0.94302732 0.93892699 0.92049724 0.93806380 0.93745953 0.91587895 0.87146616 0.93941748
0.93076956 0.94445163 0.94332945 0.88173854 0.92252576 0.93638051 0.93672580 0.92192155 0.87914884 0.94299895
0.92908627 0.94069660 0.94514221 0.90845525 0.92343217 0.93728691 0.93745953 0.92347533 0.88622731 0.94407767
0.92364800 0.94427902 0.94522852 0.91674221 0.91976351 0.93974710 0.93564677 0.92252576 0.89075923 0.94023734
0.93115801 0.94639391 0.93133068 0.92153311 0.86102122 0.93750268 0.93689847 0.92636710 0.89654279 0.94243795
0.93297076 0.94527167 0.94518536 0.92097199 0.87647289 0.93957442 0.92148989 0.92688507 0.90370756 0.94023734
0.93474036 0.94557381 0.94445163 0.91898656 0.88566619 0.94337261 0.93076956 0.92675561 0.90931851 0.94666666
0.93331605 0.94535804 0.94924253 0.92822307 0.89296043 0.94345891 0.92697138 0.92792094 0.91570634 0.94226539
0.93465406 0.94665283 0.94885409 0.92865467 0.89606804 0.94048083 0.93612152 0.92097199 0.91622424 0.94403452
0.93607837 0.94712764 0.94786137 0.93271184 0.89788079 0.94151670 0.93836594 0.92653978 0.90457076 0.94645089
0.89965039 0.92740297 0.94850880 0.86784065 0.90129054 0.94078296 0.93728691 0.92999268 0.92278475 0.94304210
0.93089902 0.94617808 0.94764555 0.90059996 0.90448445 0.91980666 0.93871123 0.93064010 0.92019510 0.94563109
0.93543094 0.94475377 0.94790453 0.90953428 0.90595192 0.93776166 0.94065344 0.92956108 0.92766196 0.94558793
0.93741637 0.94837928 0.94803399 0.90508872 0.90836895 0.94009238 0.94281149 0.91587895 0.92809355 0.94105715
0.93163276 0.94747293 0.94350207 0.91803706 0.90983641 0.94121456 0.94315678 0.92895681 0.89403945 0.94787484
0.93974710 0.94889724 0.95027840 0.89296043 0.91061330 0.94406319 0.94311363 0.93271184 0.92002243 0.94757283
