# pytorch neural network ReLU CrossEntropyLoss SGD:
#  unit=[80, 40, 20],batch=64,lr=1e-02,momentum=0.9,epoch=128
0.70351134 0.68504315 0.68250157 0.70872272 0.67433901 0.70036031 0.68561058 0.66350185 0.67271044 0.69345473
0.46744089 0.44269495 0.47055505 0.46885968 0.45551899 0.46680142 0.44395407 0.44387364 0.43269810 0.45662713
0.37451133 0.37405425 0.38464689 0.37523017 0.37739788 0.37726736 0.37133175 0.37809187 0.36663224 0.37549528
0.36194191 0.36493071 0.36896432 0.36241736 0.36543267 0.36360174 0.36076331 0.36763471 0.35831045 0.36204755
0.35864750 0.35930181 0.36273482 0.35927830 0.35782206 0.35995756 0.35362100 0.36336373 0.35239635 0.35705089
0.35430505 0.35209101 0.35639877 0.35308499 0.35463851 0.35579017 0.34834249 0.35712989 0.34914154 0.35461793
0.34713529 0.35285754 0.35333889 0.34635785 0.35171946 0.34941232 0.34623697 0.35373996 0.34693293 0.34892987
0.34269873 0.34502423 0.34903741 0.34224956 0.34500175 0.35104818 0.34329294 0.34571967 0.34037556 0.34600635
0.33827535 0.34115025 0.34628665 0.33856219 0.33816145 0.34452947 0.33630472 0.34368405 0.33689885 0.34193393
0.33873378 0.33557579 0.34031728 0.33418561 0.33612774 0.33765658 0.33529129 0.33909217 0.33328485 0.33920538
0.34268713 0.33833745 0.33790926 0.33027772 0.33322291 0.33318358 0.33178636 0.33478953 0.33197256 0.33546483
0.33193974 0.32793279 0.33223274 0.32839630 0.32875273 0.32942676 0.32926419 0.33747937 0.33280449 0.33327882
0.32753518 0.32337090 0.33075269 0.32428851 0.32728295 0.32849621 0.32953418 0.33715881 0.32448472 0.32927887
0.32515917 0.32598334 0.32944590 0.32281745 0.32622892 0.32378190 0.32378468 0.33084947 0.31927134 0.32708495
0.33000538 0.33665706 0.35128097 0.32164025 0.31997871 0.31851232 0.32199471 0.32361313 0.31701368 0.32489025
0.33129765 0.31743015 0.34940930 0.31349554 0.31924653 0.31866077 0.31946609 0.31991458 0.31588155 0.32240571
0.32018685 0.31269005 0.31977799 0.31145983 0.31432425 0.31385421 0.31158276 0.31685964 0.31316979 0.31760135
0.31699447 0.31319586 0.31819828 0.30909705 0.31278625 0.31019873 0.31319734 0.32464159 0.30779340 0.31773058
0.31193911 0.30602058 0.31142763 0.31942243 0.30805454 0.30758377 0.30649293 0.36122582 0.30482783 0.31129913
0.30986923 0.30140865 0.30926618 0.32403703 0.30372500 0.30624521 0.31593481 0.31744098 0.30032154 0.30949489
0.30902721 0.29857876 0.30528554 0.30398237 0.30205012 0.32976685 0.29955280 0.31255701 0.29751631 0.30843529
0.30716910 0.29524912 0.30185355 0.30133795 0.30287732 0.31227234 0.30004900 0.31425664 0.29278495 0.30449138
0.30793500 0.29329278 0.30114406 0.29714403 0.30964531 0.31911983 0.29547644 0.30197208 0.29283206 0.30594185
0.31510244 0.29253874 0.30888915 0.29320403 0.29479148 0.30338255 0.29251537 0.29814742 0.28902852 0.30038686
0.29835600 0.28669226 0.29492950 0.29089465 0.29580038 0.30234166 0.29233704 0.29722090 0.30082394 0.29958126
0.29636881 0.28675082 0.29011608 0.28728059 0.32051178 0.29204589 0.28660397 0.29233734 0.28207407 0.29446014
0.29283303 0.28127997 0.28918821 0.28415149 0.29575108 0.29157946 0.28494410 0.29049190 0.27890562 0.29235494
0.29460252 0.28036604 0.28742240 0.28174695 0.28785120 0.28707450 0.28133460 0.29211215 0.27617305 0.29141863
0.38889079 0.28389595 0.28418783 0.27992857 0.28536847 0.30680078 0.27636123 0.29841227 0.27496943 0.28661455
0.32540769 0.27518983 0.28144368 0.27669199 0.28284243 0.28540844 0.27423529 0.30185813 0.27027343 0.28828851
0.30956965 0.27555988 0.27764142 0.27231342 0.28000874 0.28139507 0.27895576 0.28162819 0.26797928 0.28411668
0.30312786 0.27487816 0.28749063 0.27070316 0.27606332 0.30036725 0.26999598 0.28194375 0.26437954 0.28000164
0.29755145 0.26777941 0.27074890 0.27183748 0.27898137 0.28677604 0.27695259 0.27752328 0.26800402 0.28143916
0.29595835 0.26481567 0.26600028 0.33356602 0.27814516 0.28316398 0.26629718 0.27111563 0.25739568 0.27785144
0.29264966 0.26261233 0.26647771 0.27789365 0.30323388 0.27269929 0.26386208 0.27059417 0.25517124 0.27265331
0.28752606 0.25929235 0.26094114 0.27923627 0.31032398 0.27005623 0.26222348 0.26800894 0.25099015 0.27035454
0.29041421 0.25963582 0.26228375 0.28126180 0.27645537 0.26564138 0.27560079 0.26809615 0.25014308 0.26496207
0.27923940 0.27361763 0.25715328 0.30752833 0.26762922 0.26438246 0.25826863 0.26842071 0.24825798 0.26804069
0.27739141 0.25443720 0.25495761 0.27692815 0.26314392 0.25946715 0.25684523 0.27673856 0.25132143 0.26312238
0.27524760 0.29424578 0.25264537 0.26969833 0.25994017 0.25871876 0.26911014 0.26374215 0.32011700 0.26201169
0.26902984 0.26769885 0.25168224 0.26476934 0.26440587 0.27077477 0.34157466 0.25648563 0.26889955 0.25745270
0.26880993 0.25465839 0.24650432 0.27615422 0.28044341 0.25979928 0.27872900 0.25659269 0.26444337 0.25459857
0.27695492 0.24867069 0.28755186 0.25934951 0.25728737 0.29137344 0.26858848 0.25094814 0.31469559 0.25023049
0.26816883 0.24362459 0.25735874 0.25780294 0.25027196 0.25789041 0.25968170 0.25453709 0.26754000 0.25370981
0.28304564 0.24075900 0.24846377 0.25395049 0.25005106 0.25189852 0.25208533 0.24906641 0.25688686 0.25099324
0.26496151 0.23924264 0.24951175 0.25848134 0.24388928 0.24694592 0.26325709 0.24732553 0.25076246 0.25043696
0.26281325 0.24096257 0.24144591 0.25092261 0.24797383 0.24647577 0.33666830 0.24452533 0.24717950 0.24811843
0.25643395 0.24401833 0.23772807 0.28608786 0.25908152 0.24383762 0.27465769 0.23579030 0.24064788 0.24397623
0.25177731 0.23381106 0.23489951 0.26421085 0.24272765 0.23923935 0.26000147 0.23450117 0.24098399 0.23816996
0.25118746 0.22908625 0.23349323 0.25086198 0.24277070 0.23565297 0.25200913 0.23721309 0.24093213 0.23826145
0.26536307 0.22882656 0.22847464 0.24368686 0.23326367 0.24026626 0.24956607 0.23604833 0.24574073 0.23744795
0.24602388 0.23830616 0.22792780 0.23987817 0.23202158 0.23012958 0.24545310 0.23009088 0.23084879 0.23298890
0.25525525 0.22775830 0.22399233 0.24064043 0.23379110 0.23501051 0.23837497 0.23419633 0.22918109 0.23332212
0.24202806 0.22641495 0.22235617 0.23741473 0.22886277 0.28995723 0.23396877 0.22856710 0.22905501 0.22808700
0.23834499 0.22279445 0.24109273 0.23382637 0.22665435 0.25684966 0.24300119 0.22311598 0.22133347 0.22547355
0.23698558 0.22072579 0.22247355 0.23390833 0.22492376 0.24699276 0.33025204 0.22162501 0.22715184 0.22455883
0.23326327 0.21887255 0.23589276 0.22920441 0.21952914 0.24061444 0.25810963 0.22224553 0.22002749 0.22210134
0.22985398 0.21501655 0.21544168 0.23133429 0.21973139 0.23632367 0.24145088 0.21934201 0.21381780 0.22162202
0.23237034 0.21168961 0.21268554 0.22678160 0.22322268 0.23234336 0.23394914 0.22538912 0.21578744 0.21814985
0.33992339 0.21049909 0.21210141 0.22364948 0.22546213 0.23210775 0.23249121 0.31092494 0.21319022 0.21668731
0.29090729 0.21057281 0.20954856 0.22439651 0.21892542 0.23652837 0.24086484 0.23898059 0.21066729 0.21549528
0.27357197 0.20834372 0.20577376 0.21965324 0.21204058 0.23293026 0.22702533 0.23860614 0.20764289 0.21619822
0.27712153 0.20778458 0.20086814 0.21489211 0.21103519 0.22129574 0.22953618 0.32157493 0.20510385 0.21122240
0.27249850 0.20159893 0.20434044 0.22168875 0.21393527 0.21953012 0.23389893 0.25743622 0.20182964 0.20964857
0.25736794 0.19891559 0.20540529 0.22962533 0.21148633 0.21240250 0.22003931 0.24013543 0.20121486 0.20816666
0.24567417 0.19992205 0.26077905 0.21951693 0.20329068 0.21130878 0.21959305 0.23290023 0.20528561 0.20997128
0.23842992 0.19659763 0.21081121 0.23656933 0.20456738 0.20686570 0.21316164 0.27917174 0.19666190 0.20605719
0.23740601 0.19630509 0.20660945 0.21544916 0.20261097 0.20331556 0.21008759 0.23397764 0.19815873 0.20518636
0.24844073 0.19642012 0.21102526 0.21353526 0.20388276 0.20476416 0.20574111 0.22556101 0.19213812 0.20334280
0.22961892 0.23188784 0.19962191 0.20559194 0.19913300 0.20170001 0.20815556 0.21757386 0.20404093 0.19927214
0.25701214 0.20285790 0.19619831 0.20377695 0.20024877 0.20435983 0.20493696 0.21454401 0.19832702 0.20114778
0.23092531 0.18861351 0.23829436 0.20146221 0.27665313 0.25088568 0.20447261 0.21195342 0.18987436 0.19722790
0.22855147 0.18939965 0.20106451 0.20398228 0.21674170 0.21452434 0.21099381 0.21010164 0.18966872 0.19600883
0.21767628 0.18634154 0.19192340 0.19900963 0.20744766 0.20532826 0.20189775 0.20921608 0.18531501 0.19589223
0.21916957 0.18773339 0.18791479 0.19855625 0.21262814 0.20609507 0.19602594 0.25962420 0.18253948 0.19550238
0.27324575 0.18177412 0.18964689 0.19857618 0.19787666 0.20585024 0.19734086 0.21333809 0.18015303 0.19337284
0.23513117 0.18366578 0.18543990 0.19569045 0.19245618 0.19692311 0.19504871 0.21831248 0.17885185 0.19112789
0.24231311 0.18085044 0.18012253 0.19150862 0.19141115 0.20130106 0.19213311 0.20257186 0.18056745 0.19282889
0.22244233 0.17674974 0.17858218 0.18985016 0.18870454 0.19274133 0.18975757 0.24045236 0.17649431 0.18688856
0.22028106 0.17798553 0.18140478 0.18940996 0.18768413 0.19011765 0.18717307 0.20599433 0.17601969 0.18454249
0.21574280 0.17894575 0.17538747 0.18772357 0.18282178 0.19497515 0.31567133 0.19842013 0.17664892 0.19181142
0.21012032 0.17400746 0.17640283 0.18585583 0.18824417 0.27812603 0.26248859 0.21444092 0.17544939 0.18108964
0.20965091 0.17121907 0.17434231 0.18652617 0.20296129 0.21764352 0.26076028 0.19432324 0.16696446 0.18282093
0.20304726 0.18002462 0.17352988 0.18673064 0.35014931 0.19758151 0.23840140 0.19509589 0.16898019 0.17924101
0.20351566 0.18988192 0.17889993 0.18838267 0.28433580 0.19212897 0.22908906 0.19893296 0.17342284 0.18264845
0.19957513 0.17312192 0.16913114 0.19000147 0.26520405 0.19107120 0.22576218 0.19489122 0.16521324 0.17451853
0.19626886 0.17005209 0.17493392 0.19136070 0.25691101 0.18766169 0.21668210 0.23897750 0.16431899 0.17590683
0.19880207 0.16171942 0.22087253 0.22610069 0.23765685 0.18695373 0.21375458 0.20583463 0.16453141 0.17205644
0.19598372 0.16571811 0.17538283 0.19965792 0.22615445 0.27075740 0.20855486 0.29303825 0.15962103 0.17032009
0.19083397 0.16256627 0.17351090 0.18744118 0.22060833 0.19479666 0.20470755 0.22686862 0.16171682 0.17119747
0.19450858 0.16567202 0.16793144 0.18277342 0.21261426 0.18800679 0.20187209 0.32772983 0.17057405 0.16984682
0.20273695 0.15926512 0.18495017 0.17910649 0.21213187 0.18538520 0.20462538 0.25896015 0.15737859 0.17063391
0.18515163 0.15888368 0.16492555 0.17596171 0.20206388 0.17791027 0.19469536 0.23867563 0.15465513 0.16825277
0.18668915 0.19016700 0.16499186 0.17896328 0.19868007 0.17175719 0.20665519 0.23162775 0.16330286 0.16528001
0.18643179 0.18405601 0.16427208 0.17322662 0.20550563 0.16844421 0.19192222 0.24040690 0.15391062 0.16959993
0.18333601 0.16180701 0.16377416 0.17430020 0.37300339 0.16856134 0.18735153 0.22157977 0.14993549 0.17503698
0.18001821 0.15573272 0.16803867 0.16707388 0.31975181 0.16726650 0.18494152 0.20984227 0.15307748 0.16707067
0.17397913 0.15688708 0.15565001 0.16962128 0.32871178 0.17035393 0.18379455 0.20875327 0.14790457 0.16435339
0.18580751 0.15356284 0.15429716 0.17187077 0.28062316 0.23089189 0.18231459 0.20195831 0.14988249 0.15788115
0.34313933 0.16222007 0.15610398 0.16992003 0.26407614 0.17021425 0.18042336 0.19884191 0.14913495 0.16141636
0.26784272 0.15365621 0.15626089 0.16779661 0.25405689 0.16698362 0.17825358 0.19140782 0.14865990 0.15832500
0.25482247 0.15061758 0.15486629 0.16914577 0.24535519 0.16296762 0.17812189 0.19320901 0.14406911 0.15498468
0.23766931 0.14973978 0.14854310 0.16095913 0.24664869 0.17113706 0.17555413 0.19035721 0.14507618 0.15976803
0.21056006 0.14524950 0.14766512 0.16068862 0.23096265 0.25211215 0.17898598 0.18517710 0.14395137 0.16073021
0.20293191 0.15033351 0.15177999 0.16366660 0.22571663 0.20867093 0.17543304 0.18582801 0.14074873 0.15186435
0.19625582 0.19973655 0.14832840 0.16673819 0.21979637 0.19396882 0.17236563 0.20165017 0.14083595 0.15139250
0.20637157 0.15789767 0.15068251 0.15603965 0.21524568 0.18447230 0.17126182 0.30154166 0.14767446 0.15323531
0.18918823 0.14793822 0.17025810 0.15852916 0.21257712 0.17964535 0.17267568 0.23908935 0.17010874 0.14883480
0.18412087 0.14473911 0.14685418 0.15825968 0.21087556 0.17660596 0.16849684 0.22330251 0.13982164 0.15204817
0.18386344 0.14091764 0.14373490 0.19537518 0.20668789 0.16800207 0.16151727 0.21390216 0.15819835 0.14699597
0.18148543 0.14210132 0.14201658 0.17110105 0.21679489 0.16678854 0.15913481 0.20570197 0.13875148 0.14887359
0.17514575 0.14377901 0.14789930 0.15670627 0.20800007 0.16413353 0.16274255 0.19938226 0.36706759 0.14753170
0.19006126 0.13778571 0.13687290 0.15110732 0.19791358 0.16206468 0.17289428 0.19660953 0.30664084 0.14473599
0.17110075 0.14562158 0.14060732 0.15530400 0.19472819 0.15826840 0.15584801 0.20267166 0.28920079 0.14713294
0.16707188 0.13401676 0.13806446 0.28000254 0.19004939 0.16009438 0.15708320 0.18937673 0.27586990 0.14257275
0.17133820 0.14504685 0.13647741 0.21490675 0.18864597 0.15647377 0.15658578 0.18696487 0.26298777 0.13988805
0.19020126 0.13532676 0.13643550 0.19529530 0.19827928 0.15252146 0.15589097 0.18924742 0.25118094 0.14346435
0.17094204 0.13190732 0.17559924 0.18344063 0.31796743 0.15315560 0.16272294 0.18173178 0.24284914 0.14202247
0.16127601 0.13399047 0.13347452 0.19025980 0.27839473 0.14905091 0.19174332 0.18064810 0.22602421 0.14491750
0.16002625 0.13061865 0.13597080 0.19109520 0.26332294 0.14398541 0.16765743 0.17732320 0.21500653 0.13441862
0.16298051 0.13710571 0.12845179 0.17176860 0.25161308 0.14076139 0.17987031 0.17652787 0.20433617 0.13937623
0.15797562 0.12983112 0.12682258 0.17134076 0.24260189 0.14718271 0.15903671 0.19413560 0.20224002 0.13495392
0.15715916 0.13312933 0.12941232 0.18147439 0.23795847 0.14368330 0.15039682 0.17536473 0.22708509 0.13433163
0.23977289 0.17322497 0.12837563 0.30398409 0.23097666 0.14588157 0.15619143 0.17127848 0.19017147 0.13735836
0.16697098 0.13061396 0.12891158 0.24000342 0.22390924 0.19547835 0.15298527 0.16952879 0.19453600 0.13473175
0.15899868 0.13239596 0.12567462 0.21896951 0.21765065 0.15332930 0.14707575 0.17391133 0.17754179 0.13441263
0.15557141 0.12527916 0.13158330 0.22924635 0.21506913 0.15340803 0.14586906 0.20797507 0.17519671 0.14360804
0.16968823 0.12892528 0.13971678 0.20399019 0.21212169 0.14687514 0.14289824 0.17364802 0.24756040 0.12923616
0.14902541 0.12474148 0.12387434 0.25648523 0.21019784 0.14028143 0.14369743 0.16499010 0.19733405 0.12843912
