# pytorch neural network ReLU CrossEntropyLoss SGD:
#  unit=[80],batch=64,lr=1e-02,momentum=0.9,epoch=128
0.50123012 0.45301911 0.40882212 0.28205791 0.65954506 0.72225821 0.29565367 0.71664727 0.69692260 0.65074432
0.77711600 0.78195000 0.77452630 0.77154821 0.78639561 0.78415126 0.78173423 0.79075491 0.78734517 0.78455234
0.82161510 0.82053608 0.81975919 0.82049292 0.82282358 0.82165825 0.82230568 0.82191724 0.82243514 0.82304209
0.82688075 0.82757133 0.82627648 0.82467955 0.82839137 0.82614702 0.82744181 0.82783031 0.82843453 0.82929879
0.83098108 0.83011782 0.82899565 0.83029050 0.83180112 0.83149898 0.83184427 0.83175796 0.83197373 0.83132684
0.83313912 0.83188742 0.83184427 0.83149898 0.83452028 0.83266431 0.83339810 0.83400232 0.83551300 0.83512408
0.83564246 0.82938409 0.83218956 0.83408862 0.83486557 0.83564246 0.83702362 0.83525401 0.83767104 0.83663428
0.83728260 0.83421814 0.83611721 0.83628988 0.83715308 0.83732575 0.83702362 0.83503819 0.83736891 0.83650488
0.83952695 0.83641934 0.83590144 0.83693731 0.83818895 0.83892268 0.83900905 0.83767104 0.83978593 0.83788568
0.83982909 0.83689415 0.83767104 0.83896583 0.84030384 0.83944064 0.84073550 0.83857739 0.84224612 0.84021574
0.84285039 0.83741206 0.83931112 0.84095126 0.84021753 0.84190083 0.84211659 0.84203029 0.84241873 0.84155339
0.84349775 0.84090811 0.83965641 0.84289354 0.84077865 0.84354097 0.84302300 0.84121025 0.84401572 0.84319311
0.84522420 0.84177130 0.84116709 0.84470630 0.84302300 0.84561265 0.84401572 0.84297985 0.84522420 0.84504855
0.84699380 0.84194398 0.84259140 0.84565586 0.84587163 0.84328198 0.84479260 0.84410203 0.84608746 0.84591156
0.84889293 0.84349775 0.84367043 0.84669173 0.84720963 0.84578532 0.84764123 0.84604430 0.84846133 0.84638619
0.84854764 0.84362727 0.84595793 0.84582847 0.84794337 0.84772760 0.84859079 0.84815919 0.84915191 0.84655881
0.84979928 0.84522420 0.84509474 0.84992880 0.85023093 0.84997195 0.84647590 0.84837496 0.85113728 0.84888887
0.85230267 0.84630322 0.84651905 0.84919506 0.85247529 0.85105097 0.85014457 0.84833181 0.85113728 0.84983820
0.85269111 0.84820235 0.84941083 0.85169840 0.85105097 0.85113728 0.85109413 0.85044670 0.85143942 0.85251349
0.85424489 0.84928137 0.84794337 0.85143942 0.85441756 0.85260475 0.85208684 0.85286373 0.85213000 0.85272926
0.85515130 0.85130996 0.84958351 0.85299325 0.85502177 0.85295004 0.85113728 0.85225946 0.85536706 0.85419631
0.85471964 0.85178471 0.85251844 0.85135311 0.85446072 0.85256159 0.85364062 0.85329533 0.85346800 0.85294497
0.85562605 0.85299325 0.85277742 0.85338169 0.85558289 0.85316586 0.85623032 0.85355431 0.85510814 0.85540456
0.85856098 0.85463333 0.85346800 0.85610080 0.85610080 0.85584188 0.83926797 0.85476285 0.85541022 0.85514563
0.85743880 0.85381329 0.85329533 0.85692090 0.85946739 0.85761148 0.85355431 0.85549659 0.85743880 0.85587919
0.85955369 0.85618716 0.85364062 0.85825890 0.85929477 0.85864735 0.85467649 0.85510814 0.85726619 0.85721684
0.85920841 0.85299325 0.85437441 0.85601449 0.85851783 0.85761148 0.85566920 0.85558289 0.85890627 0.85820925
0.85748196 0.85618716 0.85627347 0.85938108 0.85890627 0.85756832 0.85467649 0.85717988 0.85933793 0.85920173
0.85959685 0.85700721 0.85493547 0.85769778 0.85907894 0.85907894 0.85730934 0.85946739 0.86011481 0.86049622
0.86158228 0.85869050 0.85765463 0.85968322 0.86097801 0.86020112 0.85692090 0.86028743 0.86205703 0.86170441
0.85877681 0.86015797 0.85812938 0.86102122 0.86279082 0.85955369 0.85938108 0.85933793 0.86283398 0.86200649
0.86136651 0.85782725 0.85925156 0.86046010 0.86235917 0.86240232 0.86046010 0.85808623 0.86417198 0.86274004
0.86361086 0.86033064 0.86171174 0.86248869 0.86153913 0.86201388 0.86050326 0.86214340 0.86335188 0.86429340
0.86248869 0.86421514 0.85886312 0.86235917 0.86300659 0.86184126 0.86175495 0.86244553 0.86356771 0.86498380
0.86356771 0.86287713 0.86240232 0.86322242 0.86365402 0.86391300 0.86110753 0.86071908 0.86412877 0.86550164
0.86494887 0.86503518 0.85623032 0.86274761 0.86443090 0.86352456 0.85886312 0.86417198 0.86460358 0.86658037
0.86499202 0.86507833 0.86240232 0.86447406 0.86231601 0.86585522 0.86343819 0.86507833 0.86585522 0.86683929
0.86676162 0.86477619 0.86481935 0.86581206 0.86542362 0.86581206 0.86361086 0.86628687 0.86667532 0.86688244
0.86667532 0.86689109 0.86585522 0.86628687 0.86710691 0.86663216 0.86555308 0.86805648 0.87034398 0.86804748
0.86706376 0.86676162 0.86654580 0.86766803 0.86641634 0.86779749 0.86386985 0.86766803 0.86909235 0.86830634
0.86753851 0.86654580 0.86645949 0.86827224 0.86775434 0.86706376 0.86598474 0.86542362 0.86909235 0.86990291
0.86909235 0.86762482 0.86779749 0.86784065 0.86430144 0.86913550 0.86538047 0.86866069 0.87081879 0.87033439
0.86999869 0.86857438 0.86822909 0.86861753 0.86952394 0.86935127 0.86538047 0.86343819 0.86857438 0.87016183
0.86887652 0.87017137 0.86814278 0.86948079 0.86801332 0.87090510 0.86822909 0.86965340 0.87228626 0.87270766
0.87280416 0.87004185 0.86961025 0.87103456 0.87086195 0.87137985 0.86879021 0.87150937 0.87181145 0.87111109
0.87008500 0.87043029 0.86797011 0.86995554 0.87181145 0.87159568 0.86887652 0.87133670 0.87133670 0.87119740
0.87250203 0.87142301 0.87090510 0.87228626 0.87077558 0.87301999 0.86766803 0.86926496 0.87409902 0.87387270
0.87258840 0.86762482 0.86762482 0.85752517 0.87055981 0.87332213 0.87116408 0.87232941 0.87198412 0.87236243
0.87276101 0.86784065 0.87142301 0.87099141 0.87310630 0.87466013 0.86753851 0.87103456 0.87055981 0.87391585
0.87474644 0.87090510 0.86792696 0.87245888 0.87280416 0.87461692 0.86378348 0.87362427 0.87466013 0.87434733
0.87401271 0.87185466 0.87012821 0.87237257 0.87267470 0.87448746 0.86961025 0.87297684 0.87384003 0.87352753
0.87176830 0.87401271 0.86814278 0.87332213 0.86809963 0.87556648 0.87129354 0.87198412 0.87535071 0.87525350
0.87276101 0.87522119 0.87323576 0.87517804 0.87388319 0.87690449 0.87133670 0.87353790 0.87655920 0.87590075
0.87750876 0.87638652 0.87375373 0.87401271 0.87625706 0.87703395 0.87327898 0.87478960 0.87349474 0.87585759
0.87690449 0.87634337 0.87491906 0.87491906 0.87664551 0.87841511 0.87371057 0.87487590 0.87854463 0.87805825
0.87617075 0.87293369 0.87491906 0.87681818 0.87724978 0.87733608 0.87418532 0.87513489 0.87712032 0.87728155
0.87388319 0.87871724 0.87578231 0.87837195 0.87837195 0.87806982 0.87116408 0.87599808 0.87958050 0.87723839
0.87712032 0.87962365 0.87556648 0.87681818 0.87724978 0.87923521 0.87604123 0.87496221 0.87763822 0.87814456
0.87962365 0.87798351 0.87794036 0.87733608 0.87949413 0.87992579 0.87625706 0.87565279 0.88096166 0.87909383
0.87841511 0.87314945 0.87841511 0.87737924 0.87850147 0.87966681 0.87703395 0.87742239 0.87945098 0.88094932
0.87979627 0.87992579 0.87694764 0.87724978 0.88027108 0.87932152 0.87254518 0.87794036 0.88074583 0.88043147
0.87992579 0.87901938 0.87681818 0.87876040 0.87781090 0.88122058 0.87837195 0.87832880 0.88061637 0.88181227
0.88135010 0.87789720 0.87858778 0.87884676 0.87379688 0.88372391 0.87595493 0.87448746 0.88130695 0.88069040
0.88147956 0.87737924 0.87776768 0.87858778 0.88001209 0.88061637 0.87768137 0.88005525 0.88130695 0.88099247
0.88186800 0.87914884 0.88048685 0.88005525 0.88217014 0.88229960 0.87893307 0.87750876 0.88355130 0.88094932
0.88022786 0.88113427 0.87858778 0.87945098 0.88031423 0.88389659 0.87815619 0.87901938 0.88445771 0.87956852
0.88173854 0.88234282 0.88169539 0.88048685 0.88169539 0.88307655 0.87962365 0.87845826 0.88333547 0.88314992
0.88393974 0.88273126 0.88178170 0.88165224 0.88035738 0.88277441 0.88018471 0.88126373 0.88225645 0.88392663
0.88363761 0.88264489 0.88014156 0.88009840 0.88428503 0.88372391 0.87949413 0.88363761 0.88687468 0.88418555
0.88441449 0.88229960 0.88255858 0.88337862 0.88385344 0.88583881 0.87794036 0.88234282 0.88450086 0.88504857
0.88083214 0.88393974 0.88186800 0.88242912 0.88614094 0.88385344 0.87970996 0.88152272 0.88657260 0.88254583
0.88415557 0.88441449 0.88419873 0.88212699 0.88437134 0.88044369 0.88139325 0.88450086 0.88717681 0.88591152
0.88389659 0.88454401 0.88497561 0.88467348 0.88411242 0.88678837 0.88251543 0.88173854 0.88406920 0.88612729
0.88450086 0.88415557 0.88545036 0.88527775 0.88501877 0.88657260 0.88018471 0.88346499 0.88786739 0.88638622
0.88381028 0.88519144 0.88458717 0.88441449 0.88393974 0.88743579 0.88372391 0.88363761 0.88704735 0.88832796
0.88670206 0.88463032 0.88428503 0.88510507 0.88596833 0.88661575 0.88532090 0.88652939 0.88596833 0.88651562
0.88652939 0.88627046 0.88506192 0.88510507 0.88713366 0.88816953 0.88372391 0.88264489 0.88618410 0.88862997
0.88627046 0.88463032 0.88536406 0.88523459 0.88661575 0.88972336 0.88376713 0.88553673 0.88527775 0.88720602
0.88886011 0.88756526 0.87901938 0.88743579 0.88545036 0.88523459 0.88299018 0.88618410 0.88929170 0.88802588
0.88730633 0.88592517 0.88454401 0.87936467 0.88916224 0.88583881 0.88575250 0.88536406 0.88804007 0.88781011
0.89067286 0.88786739 0.88605464 0.88739264 0.88851482 0.88734949 0.87919199 0.88743579 0.88739264 0.88910466
0.88950753 0.88855797 0.88437134 0.87949413 0.88989598 0.89019811 0.88419873 0.88139325 0.88963699 0.88862997
0.88968015 0.88985282 0.88657260 0.88670206 0.88911909 0.88911909 0.88514829 0.88734949 0.89058656 0.89039916
0.89015496 0.88903278 0.88782424 0.88730633 0.88903278 0.89218354 0.88812637 0.88730633 0.89088869 0.88940668
0.88929170 0.88924855 0.88678837 0.88942122 0.88342184 0.88683152 0.88816953 0.88855797 0.89119083 0.88927722
0.89050025 0.88924855 0.88545036 0.88911909 0.88553673 0.89209718 0.88955069 0.88894641 0.88441449 0.88832796
0.89144981 0.89136344 0.88804007 0.88924855 0.88933486 0.89214039 0.88808322 0.89067286 0.89214039 0.89022654
0.89214039 0.88924855 0.88877380 0.88639992 0.89084554 0.89084554 0.88980967 0.89037073 0.89222670 0.89143473
0.89166558 0.89106131 0.88104796 0.89015496 0.89183825 0.89252883 0.88674521 0.89170873 0.89157927 0.89001077
0.89447105 0.89006865 0.88860112 0.88346499 0.89019811 0.89460057 0.88920540 0.88989598 0.89403945 0.89035600
0.89416891 0.88968015 0.88851482 0.89024127 0.89239931 0.89062971 0.89041394 0.89002544 0.89390999 0.89139158
0.89119083 0.89201087 0.88825583 0.89106131 0.89071602 0.89421207 0.88834220 0.88355130 0.88381028 0.89303130
0.88877380 0.89006865 0.88570935 0.89045709 0.89412576 0.89555007 0.89037073 0.88959384 0.89093184 0.89324701
0.89464372 0.89321941 0.89192456 0.89239931 0.89473003 0.89360785 0.89058656 0.89006865 0.89403945 0.89462781
0.89390999 0.89330572 0.89041394 0.89235616 0.89408261 0.89585221 0.89399630 0.88657260 0.89434159 0.89553398
0.89434159 0.89166558 0.89041394 0.88907593 0.89261514 0.89511847 0.89248568 0.89136344 0.89481634 0.89505935
0.89257199 0.89360785 0.89110452 0.89201087 0.89162242 0.89546376 0.89084554 0.89244246 0.89542061 0.89553398
0.89464372 0.89671546 0.89080238 0.88959384 0.89485949 0.89494586 0.89369416 0.89455736 0.88942122 0.89393741
0.89529115 0.89572275 0.89144981 0.89438474 0.89477319 0.89555007 0.89321941 0.89382362 0.89719021 0.89544767
0.89412576 0.89287412 0.89209718 0.89425528 0.88907593 0.89895982 0.89421207 0.89550692 0.89706075 0.89738941
0.89542061 0.89460057 0.88791054 0.89296043 0.89425528 0.89516163 0.89352149 0.89183825 0.89615434 0.89635384
0.89615434 0.89516163 0.89451420 0.89257199 0.89632696 0.89852822 0.89378047 0.89533430 0.89442790 0.89773464
0.89408261 0.89438474 0.88829905 0.89153612 0.88808322 0.89287412 0.89386678 0.89291728 0.89693123 0.89743257
0.89667225 0.89693123 0.89369416 0.89308989 0.89667225 0.89744920 0.89438474 0.89706075 0.89934826 0.89626753
0.89740604 0.89697438 0.89313304 0.89563644 0.89736283 0.89697438 0.89490265 0.89585221 0.89809662 0.89756203
0.89645648 0.89615434 0.89425528 0.89529115 0.89844191 0.89947778 0.89438474 0.89593852 0.89801025 0.90040994
0.89788079 0.89624065 0.89321941 0.89697438 0.89770812 0.89818293 0.89641333 0.89386678 0.89788079 0.89920175
0.89913249 0.89710391 0.89779449 0.89598173 0.90016830 0.89973670 0.88937807 0.89697438 0.90008199 0.90019417
0.89952093 0.89641333 0.89671546 0.89637017 0.89749235 0.89930511 0.89529115 0.89870083 0.89861453 0.89997840
0.89645648 0.89826924 0.89563644 0.89684492 0.89373732 0.89990938 0.89481634 0.89671546 0.90047044 0.90066880
0.89421207 0.89140660 0.89649963 0.89619750 0.89805341 0.90323275 0.89848506 0.88968015 0.90003884 0.90045309
0.90021151 0.89714706 0.89870083 0.89710391 0.89283091 0.88834220 0.89775133 0.88782424 0.89589536 0.90153182
0.89857137 0.89904612 0.89766496 0.89438474 0.90034097 0.90021151 0.89770812 0.89891666 0.90133369 0.89946061
0.90167898 0.89883035 0.89766496 0.89144981 0.89572275 0.90029782 0.89766496 0.89865768 0.90085888 0.90114349
0.89895982 0.89783764 0.89965039 0.89887351 0.89835554 0.90422547 0.89930511 0.89218354 0.90198112 0.90006471
0.89749235 0.89939141 0.89788079 0.89347833 0.90129054 0.89973670 0.89857137 0.89965039 0.89792395 0.90265369
0.88734949 0.88152272 0.90034097 0.89706075 0.90331906 0.90357804 0.89844191 0.90068626 0.90098840 0.90075511
0.89727652 0.89952093 0.89887351 0.89952093 0.90124738 0.90293062 0.88950753 0.89973670 0.90025467 0.90209275
0.90245587 0.89731967 0.89874399 0.90042728 0.90198112 0.90077257 0.90094525 0.90193796 0.90392333 0.90144551
0.90336227 0.89334887 0.89740604 0.90137684 0.89960724 0.89343518 0.89317620 0.89990938 0.89511847 0.90425026
0.89982301 0.90064311 0.89106131 0.90271485 0.90370756 0.90383703 0.89952093 0.89990938 0.90124738 0.90355986
0.90388018 0.90064311 0.89908928 0.89973670 0.90224004 0.90293062 0.89801025 0.89783764 0.90029782 0.90286946
0.90189475 0.90124738 0.89861453 0.90133369 0.90482974 0.90301698 0.90137684 0.88553673 0.90172213 0.90105718
0.90444130 0.89779449 0.90012515 0.90098840 0.90362120 0.90517503 0.90224004 0.90133369 0.90293062 0.90209275
0.90336227 0.89680177 0.89952093 0.90172213 0.90310329 0.89999568 0.89986622 0.90077257 0.90344858 0.90455234
0.90353489 0.90258533 0.90098840 0.90072942 0.90310329 0.90353489 0.90116102 0.90327591 0.90413916 0.90399134
0.90418231 0.90249902 0.90068626 0.90206742 0.89788079 0.90362120 0.90180844 0.90202427 0.90526134 0.90437973
0.90439814 0.90090209 0.90124738 0.90211058 0.90655619 0.90254217 0.89895982 0.90349174 0.90344858 0.90265369
0.90388018 0.90064311 0.90176529 0.90038413 0.90534765 0.90267169 0.90293062 0.90306014 0.90202427 0.90524274
