# pytorch neural network ReLU CrossEntropyLoss SGD:
#  unit=[80],batch=64,lr=1e-02,momentum=0.9,epoch=128
0.69470958 0.70580968 0.71516394 0.74029644 0.66179215 0.64875693 0.73425959 0.63217742 0.66293445 0.66900254
0.44420358 0.43981147 0.45130420 0.44314772 0.43216536 0.43740732 0.43428294 0.43110508 0.43397501 0.43527260
0.38341239 0.38411803 0.38576873 0.38223883 0.38189745 0.38351645 0.37980290 0.38244082 0.38173734 0.38147137
0.37351450 0.37403930 0.37516313 0.37292135 0.37320545 0.37362503 0.37053174 0.37236802 0.36930793 0.37112509
0.36660608 0.37125110 0.36862880 0.36863757 0.36587908 0.36965134 0.36606297 0.36676189 0.36367604 0.36396962
0.36400845 0.37166460 0.37352890 0.36723405 0.36177568 0.36374834 0.35969570 0.36490779 0.35933771 0.35915049
0.35823738 0.36778437 0.36388799 0.35984294 0.35877609 0.35981201 0.35614505 0.36024670 0.35513359 0.35662015
0.35534796 0.35812380 0.35732874 0.36360814 0.35603734 0.35689986 0.35426130 0.35738728 0.35259333 0.35335163
0.35438110 0.35586636 0.35574145 0.35911818 0.35393208 0.35320352 0.35101543 0.35421860 0.35072555 0.35249365
0.35077142 0.35388649 0.35418047 0.35230134 0.35172690 0.35071225 0.34983554 0.35202496 0.34762036 0.34977053
0.34828365 0.35172732 0.35231297 0.34976455 0.35052923 0.34950465 0.34808287 0.34963578 0.34617394 0.34748904
0.34823094 0.34888464 0.35099594 0.34699584 0.34783851 0.34673299 0.34548993 0.34867791 0.34645487 0.34691523
0.34642417 0.34752539 0.34988673 0.34532534 0.34747051 0.34981351 0.34370746 0.34679935 0.34578159 0.34382261
0.34289525 0.34863206 0.34693056 0.34435829 0.34536064 0.34682606 0.34204438 0.34485063 0.34196704 0.34222199
0.34243652 0.34489593 0.34554556 0.34337801 0.34320485 0.34337033 0.33965154 0.34367616 0.34166835 0.33944742
0.33977789 0.34194915 0.34456135 0.34122758 0.34033287 0.34388084 0.34403401 0.34148246 0.34108373 0.33854667
0.33750274 0.33955185 0.34285987 0.33947402 0.33851377 0.34013730 0.34037491 0.33931792 0.33736912 0.33826395
0.33539725 0.33851245 0.34034181 0.33908096 0.33706522 0.33984667 0.33583272 0.33724346 0.33627243 0.33473630
0.33458922 0.33692405 0.34221122 0.33650441 0.33486091 0.33619072 0.33383026 0.33587584 0.33377305 0.33398060
0.33224425 0.33663905 0.34224859 0.33402510 0.33396813 0.33475792 0.33378576 0.33435703 0.33225858 0.33231661
0.33152932 0.33430918 0.33821436 0.33419692 0.33137144 0.33848530 0.33268468 0.33532170 0.33305903 0.33042639
0.32893751 0.33340221 0.33532208 0.33972078 0.33018764 0.33597574 0.32980652 0.33344370 0.32963201 0.32890471
0.32791219 0.33111812 0.33280940 0.33198782 0.33026414 0.33196419 0.33713836 0.33282510 0.32924224 0.32712135
0.32697713 0.32994136 0.33150356 0.32979787 0.32834151 0.32815278 0.38765059 0.32901203 0.32689278 0.32597827
0.32482928 0.33042802 0.33208423 0.32731357 0.32477826 0.32703135 0.32956075 0.33062289 0.32572425 0.32442664
0.32410476 0.32875708 0.33029998 0.32673530 0.32410194 0.32576219 0.32726471 0.33011245 0.32362582 0.32314389
0.32216052 0.32988928 0.32732253 0.32583160 0.32334064 0.32389722 0.33013053 0.32807113 0.32163693 0.32246677
0.32407329 0.32608916 0.32658165 0.32229822 0.32139771 0.32296386 0.32724637 0.32783864 0.32122069 0.32207427
0.32164692 0.32492829 0.32450408 0.32150570 0.32102616 0.32117741 0.32345517 0.32325322 0.31854281 0.31897076
0.32295284 0.32216264 0.32214902 0.31996328 0.31841977 0.32064834 0.32208313 0.32174230 0.31730026 0.31857002
0.32192411 0.31965911 0.32156655 0.32081147 0.31652460 0.31993485 0.32112311 0.32390529 0.31589946 0.31627707
0.31689729 0.31935611 0.31967878 0.31874631 0.31546760 0.31881864 0.32010492 0.32207370 0.31395538 0.31320966
0.31492430 0.31894709 0.32108560 0.31586669 0.31517351 0.31535144 0.31691146 0.31606527 0.31371244 0.31293069
0.31220486 0.31581879 0.32569291 0.31468532 0.31325545 0.31417446 0.31591937 0.31763682 0.31275253 0.31223518
0.31173451 0.31462944 0.32607914 0.31732016 0.31253290 0.31367949 0.32282159 0.31673441 0.31262284 0.31031530
0.31132522 0.31466096 0.32444292 0.31738789 0.31894342 0.31127070 0.32025112 0.31437578 0.31423893 0.31035876
0.30960413 0.31289328 0.31501797 0.31250878 0.31499625 0.31066733 0.31270022 0.31224692 0.31059205 0.30948131
0.30855765 0.31150204 0.31383500 0.30961676 0.30991287 0.30927082 0.31107914 0.31086543 0.30806727 0.30707393
0.30718668 0.30998946 0.31128634 0.30866980 0.30836461 0.30880956 0.31109236 0.30933023 0.30564586 0.30727159
0.30621607 0.30840350 0.31020572 0.30733301 0.30651855 0.30975980 0.31000476 0.31010479 0.30432909 0.30434659
0.30484908 0.30772042 0.30910339 0.30606802 0.31225551 0.30843483 0.30891031 0.31087891 0.30257344 0.30247657
0.30501511 0.30695912 0.30840033 0.30634921 0.31414389 0.30455328 0.30858700 0.30879721 0.30419460 0.30262328
0.30165787 0.30514171 0.30728823 0.30519008 0.30671086 0.30279411 0.30618254 0.31254603 0.30661176 0.30101932
0.30209845 0.30474461 0.30635151 0.30263444 0.30582441 0.30253301 0.30470823 0.30323664 0.30035095 0.30002721
0.30101965 0.30541364 0.30464062 0.30092370 0.30170669 0.30177376 0.30379189 0.30179406 0.30025487 0.29952201
0.30259877 0.30324482 0.30500429 0.30126698 0.30334069 0.29940445 0.30405084 0.30287999 0.29987187 0.29856832
0.29908877 0.30489342 0.30509164 0.30935561 0.30311421 0.29810667 0.30200903 0.30241310 0.29679128 0.29655210
0.29777497 0.31081289 0.30730477 0.36502731 0.29926010 0.29695525 0.30110568 0.29911058 0.29809091 0.29803520
0.29548302 0.30635403 0.30603129 0.30444013 0.29820471 0.29627459 0.30585719 0.29955902 0.29896770 0.29653477
0.29338413 0.29961391 0.30863524 0.30176301 0.29731902 0.29418603 0.30814781 0.29638518 0.29365464 0.29533438
0.29481425 0.29840980 0.30394878 0.29880544 0.30195316 0.29442366 0.29876526 0.29673060 0.29526766 0.29366715
0.29693538 0.29607222 0.31919710 0.29805013 0.30458213 0.29322104 0.29821658 0.29770441 0.29320170 0.29380374
0.29169714 0.29497804 0.29787464 0.29669094 0.29651144 0.29177909 0.29645779 0.29552818 0.29266542 0.29326507
0.28948498 0.29192258 0.29423586 0.29576849 0.29272022 0.29030789 0.29483206 0.29293530 0.29475033 0.29109848
0.28803902 0.29380090 0.29426038 0.29509983 0.29095859 0.28883065 0.29341526 0.29140981 0.29092533 0.29091375
0.29043808 0.29628574 0.29392594 0.29199930 0.28957950 0.28864031 0.29558040 0.29270104 0.28856054 0.28820201
0.29352005 0.28967837 0.29307745 0.29094792 0.28813289 0.28814789 0.29898800 0.29180886 0.28680342 0.28890200
0.28679169 0.28753557 0.29093032 0.28963366 0.28827569 0.28720410 0.29052316 0.29317085 0.28697311 0.28682918
0.28412684 0.29177653 0.29015474 0.28853471 0.28837790 0.28476528 0.28905286 0.29116240 0.28777964 0.28540509
0.28404804 0.29725607 0.29119628 0.28851102 0.28935126 0.28591977 0.29354377 0.28664480 0.28777967 0.28498742
0.28193782 0.28507415 0.29059122 0.28840923 0.28627976 0.28549210 0.29440717 0.28678993 0.28302650 0.28279112
0.28131936 0.28768841 0.28756920 0.28739905 0.29149633 0.28252792 0.28788173 0.28808352 0.28194485 0.28345522
0.28016141 0.28834631 0.28659199 0.28641803 0.29728265 0.28306974 0.28762211 0.29292715 0.28400883 0.28206018
0.27952447 0.29269675 0.28727773 0.28442539 0.28603652 0.28115068 0.28511962 0.28471074 0.28238486 0.28078523
0.27843012 0.28361513 0.28312189 0.28435060 0.28214048 0.28137353 0.28373533 0.28627529 0.27913292 0.28231926
0.28012631 0.28205834 0.28324461 0.28553102 0.28590773 0.27960022 0.28526136 0.28390989 0.27920809 0.28137581
0.27872221 0.28135126 0.28306133 0.28302706 0.28162296 0.27996057 0.28269378 0.28467545 0.27887182 0.27824733
0.27548542 0.27956485 0.28328366 0.28169709 0.28337285 0.27946101 0.28153936 0.28186347 0.27864267 0.27906489
0.27483365 0.27986621 0.28004313 0.28187135 0.27576498 0.27885165 0.28357007 0.28022121 0.27510670 0.27768392
0.27726855 0.28026758 0.27873914 0.27967997 0.27601683 0.27971094 0.28219804 0.28027895 0.27641798 0.27733938
0.28138454 0.27851652 0.27983711 0.27847184 0.27694773 0.27863091 0.28132482 0.27949346 0.27442701 0.27729913
0.27668764 0.27749521 0.27638052 0.27768379 0.27536933 0.28376727 0.27999354 0.27603446 0.27385095 0.27497567
0.27553736 0.27686709 0.27504268 0.27594844 0.27516607 0.27400230 0.27796984 0.27624375 0.27452899 0.27470254
0.27979586 0.27602535 0.27622620 0.27525553 0.27473897 0.27331685 0.27764813 0.27527715 0.27177228 0.27287670
0.27806625 0.27483068 0.27428165 0.27525801 0.27714931 0.27023299 0.27587653 0.27576182 0.27167803 0.27213813
0.27004373 0.27680874 0.27375780 0.27441705 0.27268610 0.27222594 0.27371810 0.27321949 0.27444467 0.27415841
0.26871010 0.27438323 0.27209274 0.27309153 0.27086525 0.26932297 0.27588624 0.27468563 0.27699544 0.27113099
0.26674958 0.27524443 0.27670525 0.27227517 0.27067342 0.27024339 0.27549934 0.27445868 0.27364671 0.26917479
0.26661930 0.27071316 0.28367143 0.27599188 0.27223147 0.27956398 0.27567244 0.27240920 0.26899468 0.27051623
0.26789310 0.27395888 0.27222269 0.28986359 0.26911680 0.27715776 0.27728524 0.27316903 0.26853507 0.26901429
0.26482830 0.27905447 0.27186276 0.27877567 0.26805453 0.27138162 0.28410718 0.27457919 0.26908741 0.26755730
0.26378542 0.26901598 0.27142277 0.28906486 0.26654630 0.26804250 0.27278802 0.28532034 0.26697750 0.26752315
0.26529228 0.26779847 0.26840422 0.27119526 0.26697294 0.27191835 0.27237964 0.26911918 0.26455825 0.26492491
0.26227737 0.26866328 0.26753217 0.26908334 0.27078520 0.26680272 0.26934253 0.26861992 0.26396121 0.26554336
0.26363727 0.26777732 0.26982055 0.26854959 0.28088885 0.26776932 0.26811801 0.26598043 0.26797054 0.26508817
0.26234318 0.26832276 0.27222324 0.26756368 0.27202824 0.26480396 0.26746002 0.26607276 0.27557502 0.26570154
0.26198398 0.26322196 0.26677227 0.26922264 0.26530763 0.26121963 0.26616363 0.26387568 0.26253636 0.26640029
0.25893486 0.26552159 0.27258784 0.26913252 0.26492348 0.26535093 0.26529803 0.26340402 0.26491050 0.26369550
0.25860825 0.26694589 0.28615058 0.27108028 0.26306732 0.26106678 0.26713723 0.26267980 0.26421508 0.26484505
0.25629475 0.26454249 0.26523514 0.27769051 0.26157214 0.25957204 0.26473024 0.26400361 0.25962124 0.26503303
0.26017742 0.26569507 0.26361055 0.26495598 0.25999511 0.26087091 0.26273667 0.26700185 0.26404848 0.26092651
0.26323638 0.26147708 0.26624519 0.26483441 0.26456035 0.25796036 0.26707166 0.27937149 0.29269874 0.25917401
0.26968361 0.26447243 0.27759045 0.26219858 0.25940921 0.25806092 0.26315582 0.26497824 0.26402235 0.25739620
0.25741318 0.26010884 0.26350060 0.26174798 0.26016723 0.26056172 0.26265800 0.26912624 0.25787250 0.25732022
0.25859856 0.25909906 0.26149627 0.26343432 0.25863115 0.25536635 0.26070877 0.26904804 0.26385534 0.25623689
0.25700365 0.25919199 0.26155583 0.27449153 0.26192012 0.25582214 0.26204519 0.25974774 0.25972873 0.25780135
0.25816705 0.26177302 0.25917511 0.26061095 0.25996348 0.25571576 0.25942086 0.25869814 0.26242511 0.25688035
0.25388002 0.25644322 0.26001079 0.26519436 0.25457905 0.25779536 0.26009129 0.25612956 0.26500568 0.25950071
0.25186399 0.25732004 0.26115429 0.25889864 0.25978217 0.25411773 0.25705809 0.25695824 0.25595019 0.25440769
0.25620176 0.26187634 0.26297944 0.25712267 0.26726963 0.25133099 0.25773898 0.25623153 0.25304402 0.25546824
0.25184613 0.25707063 0.26735423 0.25766191 0.25351712 0.25500940 0.25631369 0.25979279 0.25396909 0.25194208
0.25153223 0.25525879 0.25906792 0.25931327 0.25821361 0.25457297 0.25568235 0.25656546 0.25454940 0.25092103
0.25588952 0.25672947 0.26698037 0.25888537 0.27487905 0.26898107 0.25729759 0.25836013 0.25059676 0.25054134
0.24843165 0.25294169 0.25777785 0.25617618 0.25373888 0.25107870 0.25443389 0.25378041 0.24964635 0.25297275
0.24917343 0.25275177 0.25638730 0.25547086 0.25045848 0.25116394 0.25516756 0.25641660 0.25176004 0.24999171
0.25190542 0.25270021 0.25439723 0.25437676 0.24916095 0.24998597 0.25681122 0.25388361 0.25144251 0.24785756
0.24819053 0.25448160 0.25461995 0.25288741 0.24856117 0.24931530 0.25603967 0.25502001 0.24862992 0.24898869
0.24645165 0.25284065 0.25046197 0.25633133 0.24600692 0.24955650 0.26804594 0.25036440 0.24838279 0.24870929
0.24736950 0.25242804 0.25108213 0.25263246 0.25069844 0.24674325 0.25215789 0.24936030 0.24865950 0.24899155
0.25281086 0.25344897 0.25260901 0.25179541 0.25837176 0.24705938 0.25259613 0.25187053 0.24558823 0.24637971
0.25549716 0.26582237 0.25051189 0.25148482 0.25203238 0.25094916 0.24953342 0.27126270 0.24910488 0.24709401
0.24594413 0.25315093 0.24937233 0.25362282 0.25982311 0.27241666 0.25090212 0.27084953 0.25321879 0.24607117
0.24562800 0.24864917 0.25055883 0.25943857 0.24734761 0.24722512 0.25111044 0.24802068 0.24556272 0.24640184
0.24066831 0.25012574 0.24725866 0.25849046 0.25622556 0.24616229 0.25095340 0.24774447 0.24722844 0.24366226
0.24573301 0.24780699 0.24636402 0.24989229 0.25139325 0.24472595 0.24721850 0.25701038 0.24674171 0.24354635
0.25100785 0.25993525 0.24717818 0.25990663 0.24289985 0.25030590 0.24702114 0.24483574 0.24801639 0.24656838
0.27685976 0.36783142 0.24550330 0.24953483 0.24282686 0.24207926 0.25159823 0.24452605 0.24674926 0.24688701
0.24644451 0.25087921 0.24829723 0.24730641 0.24160810 0.24098564 0.26638762 0.24400472 0.24428059 0.24209679
0.24107808 0.25707211 0.24672564 0.24536873 0.24341402 0.24672193 0.25488574 0.24459258 0.24400091 0.24201405
0.23763961 0.25926165 0.25114167 0.24336085 0.24523864 0.26207030 0.26292541 0.24557531 0.25872753 0.23990124
0.24293476 0.24718896 0.25963517 0.24385007 0.24016057 0.24021409 0.24638645 0.24755083 0.24358250 0.23953742
0.23937703 0.24610515 0.24679936 0.24467884 0.24072113 0.24230436 0.25116492 0.25785318 0.24365761 0.24114605
0.23863777 0.24876633 0.24588796 0.24303970 0.24032871 0.24048340 0.24367873 0.27657944 0.23930375 0.24183518
0.23793484 0.25440961 0.24352532 0.24261164 0.23853675 0.23812131 0.24267679 0.24188614 0.24014465 0.23995453
0.23877372 0.25599868 0.24509455 0.24458885 0.23805037 0.25136639 0.24440510 0.24342527 0.24044421 0.23528912
0.23733831 0.24329253 0.24302514 0.24198612 0.24134347 0.23945394 0.24126883 0.24115971 0.23496203 0.24000323
0.23480947 0.24072542 0.24094400 0.24122431 0.24914883 0.23826374 0.24197187 0.24263610 0.23639822 0.23614441
0.23578619 0.24337476 0.23985240 0.24136109 0.23552960 0.24353700 0.24670897 0.24075843 0.24045034 0.23677329
0.23671531 0.24983613 0.23852702 0.24207844 0.23788306 0.24387013 0.23963260 0.23749421 0.24590321 0.23545234
