# pytorch neural network ReLU CrossEntropyLoss Adam:
#  unit=[80, 40, 20],batch=64,lr=1e-03,betas=(0.9, 0.999),eps=1e-08,decay=0.0,amsgrad=False,epoch=64
0.28844577 0.64491343 0.33553454 0.34472787 0.51935774 0.71077734 0.36389139 0.67253655 0.37209201 0.32064724
0.80689716 0.79852390 0.77836764 0.77892876 0.77836764 0.78410810 0.77189350 0.78864002 0.77668434 0.77419633
0.84000170 0.83542663 0.82852089 0.83184427 0.83141267 0.83348441 0.83439076 0.83370018 0.83080840 0.83016181
0.84781390 0.84064913 0.83339810 0.83771420 0.83473605 0.83987224 0.84043336 0.84021753 0.83827525 0.83797193
0.85325217 0.84539688 0.83857739 0.84371358 0.84168500 0.84604430 0.84112394 0.84487891 0.84207344 0.84474647
0.86033064 0.84906554 0.84440416 0.84880662 0.84738231 0.84897923 0.84962666 0.85169840 0.84708017 0.84724921
0.86822909 0.85683459 0.85074884 0.85342485 0.85221630 0.85398591 0.85364062 0.85523760 0.85230267 0.85406691
0.87491906 0.86240232 0.85541022 0.85916525 0.85959685 0.85899264 0.85644609 0.86136651 0.85618716 0.85894281
0.88005525 0.86779749 0.85916525 0.86266130 0.86689109 0.86486256 0.86343819 0.86693424 0.86192757 0.86053938
0.88532090 0.87068927 0.86184126 0.86779749 0.86922181 0.86870384 0.86861753 0.86909235 0.86611420 0.86485440
0.89110452 0.87543702 0.86473304 0.87340844 0.87431484 0.87125039 0.87112087 0.87345159 0.86723638 0.87141317
0.89390999 0.87824249 0.87289047 0.87604123 0.87884676 0.87798351 0.87556648 0.87845826 0.86939442 0.87542611
0.89757866 0.88268805 0.87746561 0.88122058 0.88268805 0.88419873 0.87975311 0.88277441 0.87850147 0.88073355
0.90370756 0.88998228 0.88040054 0.88143641 0.88627046 0.88717681 0.88514829 0.88622731 0.88333547 0.88276160
0.90413916 0.89209718 0.88488930 0.88596833 0.89071602 0.89179510 0.88717681 0.88816953 0.88661575 0.88793957
0.90491605 0.89792395 0.88929170 0.89179510 0.89144981 0.89360785 0.89183825 0.89382362 0.89252883 0.89471412
0.91126072 0.90224004 0.89209718 0.89481634 0.89667225 0.90077257 0.89887351 0.89602488 0.89408261 0.89812297
0.91285771 0.90642667 0.89826924 0.90072942 0.90241271 0.90426862 0.90198112 0.90047044 0.89757866 0.90174758
0.91644007 0.90772152 0.90306014 0.90344858 0.90737623 0.90508872 0.90457076 0.90418231 0.90439814 0.90403450
0.91915923 0.91104496 0.90612459 0.90733308 0.90949112 0.90923214 0.90931851 0.90763521 0.90331906 0.90675294
0.92079931 0.91419572 0.90975010 0.90880054 0.91514522 0.91363460 0.91410935 0.91087228 0.90966380 0.91137004
0.92239630 0.91812336 0.91229659 0.91117442 0.91583580 0.91717380 0.91479993 0.91303033 0.91315985 0.91253507
0.92230999 0.91704434 0.91682851 0.91574949 0.91773492 0.91855496 0.91656953 0.91151971 0.91626745 0.91706580
0.92571974 0.92295742 0.91859812 0.91760540 0.92243946 0.92140359 0.92209417 0.91959083 0.91808021 0.91879183
0.92960423 0.92641032 0.92291427 0.91816652 0.92563337 0.92459750 0.92468387 0.92019510 0.92192155 0.92250270
0.93102854 0.92692822 0.92382061 0.92174888 0.92779142 0.92662609 0.92489964 0.92343217 0.92524493 0.92276162
0.93089902 0.92969054 0.92489964 0.92347533 0.92904311 0.92619449 0.92930210 0.92351848 0.92675561 0.92612731
0.93314344 0.92334586 0.92843884 0.92546076 0.93215072 0.92291427 0.93279815 0.92856836 0.92645347 0.92595470
0.93072641 0.93163276 0.93197805 0.92809355 0.93413615 0.93076956 0.93236655 0.92977685 0.93158960 0.92979503
0.93793428 0.93504250 0.93353188 0.93245286 0.93495619 0.93361819 0.93530148 0.93133068 0.93370450 0.93117583
0.93914282 0.93547410 0.93663949 0.93301392 0.93629420 0.93461090 0.93499935 0.93301392 0.93426561 0.93341964
0.93922913 0.93543094 0.93771851 0.93361819 0.93918598 0.93845224 0.93853855 0.93737322 0.93594891 0.93644011
0.94147354 0.94056714 0.93715739 0.93543094 0.93918598 0.93966073 0.93957442 0.93871123 0.93879753 0.93678534
0.93698478 0.94160300 0.93931544 0.93823642 0.94298416 0.94151670 0.93991971 0.93793428 0.94143033 0.93704420
0.93957442 0.94389057 0.94125772 0.93905652 0.94134402 0.94319999 0.94302732 0.94138718 0.94091243 0.93868393
0.94147354 0.93979025 0.94285470 0.94108510 0.93957442 0.94298416 0.94587594 0.94095558 0.94294101 0.94010788
0.94596225 0.94324315 0.94604862 0.94263887 0.94617808 0.94587594 0.94622123 0.94419265 0.94548750 0.94248110
0.94544435 0.94596225 0.94626439 0.94389057 0.94691181 0.94747293 0.94717079 0.94630754 0.94652337 0.94226539
0.94427902 0.94777507 0.94691181 0.93897015 0.95032156 0.94630754 0.94708449 0.94604862 0.94725710 0.94468176
0.94652337 0.94885409 0.94531488 0.94566017 0.94941515 0.94786137 0.94928569 0.95019209 0.94898355 0.94494069
0.94924253 0.95131427 0.94906986 0.94648021 0.95153004 0.95023525 0.95187533 0.94928569 0.94859511 0.94843584
0.94928569 0.94980359 0.95286804 0.94039452 0.95317018 0.95191848 0.95411974 0.95040786 0.95101213 0.94692558
0.95049417 0.95191848 0.95101213 0.94980359 0.95148689 0.95325649 0.95144373 0.95187533 0.94380420 0.94990289
0.95049417 0.95308387 0.95317018 0.94872457 0.95437872 0.95476717 0.95269543 0.95273858 0.95373130 0.94985974
0.95079631 0.95368814 0.95329964 0.95109844 0.95506924 0.95373130 0.95515561 0.95364493 0.95291120 0.95201725
0.94876772 0.95282489 0.95632094 0.95239329 0.95222062 0.95321333 0.95774525 0.95347232 0.95588934 0.95145631
0.94384736 0.95519876 0.95657992 0.95148689 0.95191848 0.95610511 0.95809054 0.95783156 0.95705467 0.95322543
0.95502609 0.95860851 0.95649362 0.95338601 0.96007597 0.95856529 0.95606196 0.95657992 0.95783156 0.95231932
0.95765895 0.95778841 0.95796108 0.95558721 0.95843583 0.95925587 0.95912641 0.95804739 0.95714098 0.95395899
0.95601881 0.95830637 0.95524192 0.95657992 0.95998967 0.95977384 0.96059388 0.95908326 0.95161641 0.95577133
0.95278174 0.95925587 0.95951486 0.95701152 0.96046442 0.95662308 0.95774525 0.95865166 0.95929909 0.95702267
0.95796108 0.96124130 0.95955801 0.95593250 0.96257931 0.95955801 0.96111184 0.96089602 0.96093917 0.95758361
0.95433551 0.96037811 0.96180242 0.95899695 0.96188873 0.96253616 0.96193188 0.96132761 0.96145713 0.95814455
0.95787477 0.96068025 0.95921272 0.95973068 0.96275192 0.95403343 0.96443522 0.96076655 0.96137083 0.95797193
0.96050757 0.96227717 0.96214771 0.95951486 0.95908326 0.96270877 0.95904011 0.95804739 0.96318358 0.95900756
0.95968753 0.96516895 0.96093917 0.96063703 0.96564376 0.96210456 0.95843583 0.96391732 0.96214771 0.95943904
0.96184558 0.96426260 0.96115500 0.96201819 0.96396047 0.96607536 0.96465105 0.96564376 0.96348572 0.95999998
0.96007597 0.96443522 0.96391732 0.96128446 0.96560061 0.96508265 0.96534163 0.96180242 0.96473736 0.96181232
0.95947170 0.96171612 0.96555740 0.96072340 0.96620482 0.96590269 0.96508265 0.96508265 0.96288145 0.96099246
0.96288145 0.96637750 0.96374464 0.96387416 0.96797442 0.96408993 0.96698177 0.96348572 0.96370149 0.96267527
0.96188873 0.96762913 0.96370149 0.96516895 0.96853554 0.96749967 0.96439207 0.96145713 0.96417630 0.96401292
0.96396047 0.96806079 0.96775866 0.96391732 0.96637750 0.96745652 0.96607536 0.96642065 0.96724069 0.96474648
0.96175927 0.96642065 0.95968753 0.96793127 0.96849239 0.96737021 0.96780181 0.96499634 0.96655011 0.96319312
0.96404678 0.96728384 0.96879452 0.96551424 0.96939874 0.96715438 0.96844923 0.95472401 0.96737021 0.96604097
0.96538478 0.96862185 0.96076655 0.95839268 0.96810395 0.96693856 0.96758598 0.96607536 0.96918297 0.96673137
