# pytorch neural network ReLU CrossEntropyLoss Adam:
#  unit=[80, 40, 20],batch=64,lr=1e-03,betas=(0.9, 0.999),eps=1e-08,decay=0.0,amsgrad=False,epoch=64
0.70351134 0.68145422 0.70761591 0.71048188 0.69182038 0.68076592 0.69927699 0.68112429 0.69969481 0.70638802
0.40391042 0.41842136 0.43813767 0.44767592 0.44349088 0.43978458 0.44143689 0.43515574 0.45034993 0.44713294
0.35148790 0.36038306 0.36607533 0.36490429 0.36312033 0.36223650 0.36226544 0.36188686 0.36437066 0.36425877
0.33988447 0.35070973 0.35738725 0.35409447 0.35222373 0.35260679 0.35955703 0.35221300 0.35267713 0.35215824
0.33069069 0.34208811 0.34895835 0.34517594 0.34346813 0.34298287 0.34992032 0.34350268 0.34709292 0.34297666
0.31747508 0.33426578 0.33902153 0.33971190 0.33872923 0.33855429 0.33858979 0.33892002 0.33829040 0.33423246
0.30432938 0.32415962 0.33098563 0.33056686 0.33205891 0.32942638 0.32855601 0.32916685 0.32927470 0.32675643
0.29329717 0.31418571 0.32346542 0.32244891 0.31940634 0.32021392 0.31808383 0.32193520 0.32149070 0.31802338
0.28330022 0.30723128 0.31530945 0.31316132 0.31404325 0.31259491 0.30880637 0.31259915 0.31389475 0.31344345
0.27397326 0.30077273 0.30977965 0.30630600 0.30353554 0.30659807 0.30013489 0.30655118 0.30640796 0.30580410
0.26395419 0.29506751 0.30458536 0.29643501 0.29530070 0.29657054 0.29247713 0.30144013 0.30391917 0.29628325
0.25562955 0.28666876 0.29088667 0.28905158 0.28790113 0.28665650 0.28629116 0.29081872 0.29737817 0.29034944
0.24582231 0.27225611 0.28275399 0.28197208 0.27911395 0.27951409 0.27900335 0.28284858 0.28248123 0.27965062
0.23847681 0.26414735 0.27721325 0.27670257 0.27161269 0.26915205 0.26967746 0.27362602 0.27500945 0.27212294
0.23675348 0.25715477 0.26848239 0.26877621 0.26661826 0.26289260 0.26284886 0.26927106 0.26587945 0.26281520
0.23366344 0.24715483 0.25955728 0.25859409 0.26126451 0.25277550 0.25461473 0.25869586 0.25765201 0.25401248
0.22000327 0.23935121 0.25793457 0.25252814 0.24844395 0.24216578 0.24458454 0.25304460 0.24989074 0.24521432
0.21272429 0.23180790 0.24231397 0.24426033 0.23912921 0.23539837 0.23614259 0.24244259 0.24258063 0.23858300
0.20831419 0.22743589 0.23415664 0.23805373 0.23174865 0.22967187 0.23082160 0.23560714 0.23655392 0.23119057
0.20069751 0.21719393 0.22613529 0.23063544 0.22520791 0.22187197 0.22207876 0.22918785 0.23375578 0.22376997
0.19831460 0.21350068 0.22123532 0.22495912 0.21382211 0.21418128 0.21300771 0.22308143 0.22014807 0.21657013
0.19755092 0.20846943 0.21266081 0.21853627 0.20669387 0.20460602 0.20932308 0.21787309 0.21508376 0.21407789
0.19479197 0.20300248 0.20479701 0.21220826 0.20106284 0.19882120 0.20275975 0.21907240 0.20977109 0.20340848
0.18634973 0.19246704 0.19870871 0.20774898 0.19414391 0.19422128 0.19184230 0.20517651 0.20492921 0.19977651
0.17955223 0.18682667 0.19073721 0.20646888 0.18812134 0.18644445 0.19014124 0.19871819 0.19681919 0.19423620
0.17715611 0.18300601 0.18714014 0.19533938 0.18086257 0.18204282 0.18501382 0.19389257 0.18919953 0.18982922
0.17597480 0.17670307 0.18492964 0.19137946 0.17843403 0.18000357 0.17907016 0.19086270 0.18388224 0.18290692
0.17548213 0.18696635 0.17782820 0.18543860 0.17395326 0.19158711 0.17309542 0.18130976 0.18088807 0.18058190
0.17749473 0.16903149 0.16855404 0.18098231 0.16636157 0.16857971 0.16870041 0.17790272 0.17321614 0.17337918
0.16248603 0.16457042 0.16598969 0.17466591 0.16323781 0.16135335 0.16224114 0.17163543 0.16863979 0.16801026
0.15758758 0.16257386 0.16045058 0.17015675 0.16052656 0.16296120 0.16269579 0.16943152 0.16399203 0.16536625
0.15694483 0.16273027 0.15889877 0.16903334 0.15596034 0.15417579 0.15605037 0.16341643 0.16082949 0.16101364
0.15228391 0.15291657 0.15485016 0.16441093 0.15316980 0.15021155 0.15231585 0.15961050 0.15433680 0.15884143
0.15370471 0.14670500 0.15125296 0.15920497 0.14739415 0.14621386 0.15245270 0.15829008 0.15279756 0.15343972
0.14735339 0.14742452 0.14687136 0.15500028 0.14911833 0.14332082 0.14548197 0.15082569 0.15203109 0.14766797
0.14644562 0.14932189 0.14419525 0.15056522 0.15515735 0.14458332 0.13927259 0.14674656 0.14468187 0.14748979
0.14097172 0.14174710 0.13995435 0.14648642 0.13966804 0.13429624 0.13860062 0.14332540 0.13966448 0.14284344
0.14012723 0.13577224 0.13580588 0.14791994 0.13668296 0.13291395 0.13528973 0.14045269 0.13692690 0.14145073
0.13661116 0.13256683 0.13476871 0.15184128 0.12894736 0.13089802 0.13344666 0.13852462 0.13577377 0.13716827
0.13750530 0.12809605 0.13852588 0.13730862 0.12876384 0.12606931 0.12946432 0.13084753 0.13035903 0.13715187
0.13098723 0.12517916 0.12784107 0.14145707 0.12393681 0.12534282 0.12264669 0.12945314 0.12989450 0.12928284
0.12982169 0.12608641 0.12354776 0.14653033 0.12185697 0.11741613 0.12171236 0.12766682 0.12774052 0.12753582
0.12538941 0.12367934 0.12355074 0.12847474 0.12329345 0.11728529 0.12057253 0.12278608 0.14352497 0.12556452
0.12567954 0.11897585 0.11980552 0.13055462 0.11928099 0.11419747 0.11932540 0.12187523 0.12011067 0.12408875
0.12742680 0.11661744 0.11893846 0.12458677 0.11588469 0.11411902 0.11629190 0.11964229 0.12127243 0.11968076
0.13389923 0.11903469 0.11325056 0.12003228 0.12051102 0.11516384 0.10970395 0.11932692 0.11580746 0.12301894
0.14099653 0.11428143 0.11161934 0.12155164 0.12341374 0.10879035 0.10769146 0.11074054 0.11161280 0.11585057
0.11555143 0.10923369 0.11263958 0.11874065 0.10623487 0.10410903 0.11269316 0.11056247 0.10936042 0.11705906
0.11189113 0.11255614 0.10906236 0.11441247 0.10823940 0.10399032 0.10844485 0.10876795 0.11380807 0.11320277
0.11388164 0.10721584 0.11244724 0.11206468 0.10495263 0.10080124 0.10316040 0.10614913 0.12573882 0.10948007
0.11814359 0.10410371 0.10591174 0.11016634 0.10444836 0.10556578 0.10467659 0.10635552 0.10721424 0.10897766
0.10883442 0.10000034 0.10169010 0.11026519 0.10019284 0.09813187 0.09821822 0.10152178 0.10055105 0.10381134
0.11554472 0.09950745 0.10137264 0.10713046 0.10019198 0.09641503 0.09840880 0.10107488 0.09994332 0.10216263
0.10715799 0.10167979 0.10446146 0.10412125 0.09981996 0.11683357 0.09539763 0.10321497 0.09935221 0.10360080
0.10349475 0.09662992 0.09852787 0.10483282 0.10684527 0.09273220 0.11424714 0.10841015 0.09536539 0.10266498
0.10394534 0.09246439 0.10400653 0.10147138 0.09377109 0.09264896 0.10733361 0.09330181 0.09632724 0.09915645
0.09888507 0.09262873 0.10492269 0.09859780 0.09064666 0.08652745 0.09140825 0.09241277 0.09277912 0.09881431
0.10194700 0.09124726 0.09385514 0.09934796 0.08987101 0.08788135 0.08918146 0.09728645 0.09247051 0.09481151
0.10261764 0.09399091 0.09287665 0.10081555 0.09081338 0.08706805 0.08879969 0.09140163 0.09539552 0.09693782
0.09647488 0.08685057 0.09330428 0.09451918 0.08669039 0.08858451 0.08463054 0.09606884 0.09555662 0.09045977
0.09672518 0.08590637 0.09297448 0.09202969 0.08554943 0.08193323 0.08835024 0.10151708 0.09069454 0.09081610
0.09387111 0.08376639 0.08896437 0.09431024 0.08830227 0.08288772 0.08621119 0.08677457 0.08487529 0.08819190
0.09650211 0.08755150 0.10196484 0.08634584 0.08583508 0.08059684 0.08260020 0.09393329 0.08830105 0.09194067
0.09396756 0.08522718 0.08754972 0.09089365 0.08221912 0.08226306 0.08374795 0.12300518 0.08363509 0.08675837
0.09069833 0.08024810 0.10222162 0.10624583 0.08313846 0.08158966 0.08613454 0.08513217 0.08104860 0.08492590
