# pytorch nn 3 hidden layer ReLU CrossEntropyLoss SGD:
#  unit=[80, 40, 20],batch=64,lr=1e-02,epoch=32
0.68043838 0.68603581 0.70212367 0.69381528 0.71642725 0.70431002 0.70565594 0.71863010 0.67500622 0.69724868
0.60018174 0.56985719 0.61708238 0.57853770 0.60598201 0.58337906 0.61913560 0.61509407 0.57761103 0.59657743
0.55065336 0.49380515 0.57361147 0.49954444 0.54875127 0.51300885 0.56850740 0.56283160 0.49115189 0.52376143
0.48966523 0.43792388 0.53097708 0.43502665 0.49102025 0.45463705 0.51147559 0.50568193 0.43237104 0.45544683
0.43790170 0.41027669 0.47776546 0.40265298 0.43514558 0.41613653 0.44210400 0.44628620 0.40660584 0.41351262
0.41001290 0.39620386 0.42596065 0.39146243 0.40781785 0.39762471 0.40359745 0.41281562 0.39388756 0.39703324
0.39667684 0.38782846 0.40280430 0.38607504 0.39792783 0.39144241 0.39114717 0.39846574 0.38896432 0.38939500
0.38889976 0.38118664 0.39324471 0.38274818 0.38909919 0.38283797 0.38489807 0.39067866 0.38211915 0.38381632
0.38512561 0.37851620 0.38690858 0.37709222 0.38428655 0.37776846 0.38065952 0.38509314 0.37871937 0.37980683
0.37975483 0.37384332 0.38221268 0.37354553 0.37966496 0.37830042 0.37745899 0.38399892 0.37421747 0.37600690
0.37733667 0.37206497 0.37878519 0.37098482 0.37578257 0.37190228 0.37720916 0.37790701 0.37249028 0.37405298
0.37325364 0.36948180 0.37572716 0.36801858 0.37256965 0.37209369 0.37217507 0.37436043 0.36936795 0.37118957
0.37142822 0.36607234 0.37314547 0.36601683 0.37194381 0.36763037 0.36883736 0.37436166 0.36713557 0.36926794
0.36906313 0.36386560 0.37202250 0.36372217 0.36809289 0.36866268 0.36634826 0.36952818 0.37043307 0.36629208
0.36607349 0.36193454 0.37196601 0.36271290 0.36977994 0.36332820 0.36436265 0.36779195 0.36333204 0.36401390
0.36423884 0.36074932 0.36761352 0.36153543 0.36795972 0.36145540 0.36233159 0.36674197 0.36167143 0.36248732
0.36379562 0.35876037 0.36521420 0.35863772 0.36625765 0.36075781 0.36062502 0.36345342 0.35925176 0.36014618
0.36083382 0.35709464 0.36393645 0.35732534 0.36167595 0.35864632 0.35875222 0.36446132 0.35757486 0.35921404
0.35924821 0.35610966 0.36181796 0.35962775 0.36264919 0.36114105 0.35965899 0.36157537 0.35637142 0.35714476
0.35795958 0.35426427 0.36054616 0.35478084 0.35975068 0.35888254 0.36082030 0.36071385 0.35771721 0.35555664
0.35690863 0.35280977 0.35981644 0.35356771 0.36060240 0.35464393 0.35614232 0.36607758 0.35378607 0.35449293
0.35518419 0.35547961 0.35775589 0.35213014 0.35840011 0.35407928 0.35365923 0.35974144 0.35252211 0.35272781
0.35360166 0.35086572 0.35684229 0.35089165 0.35546693 0.35259653 0.35620165 0.35961763 0.35179610 0.35275520
0.35263533 0.34945093 0.35561272 0.34980562 0.35838983 0.35091101 0.35311989 0.35531042 0.35118048 0.35059956
0.35200356 0.34816771 0.35691951 0.35071863 0.35404446 0.35081166 0.35112802 0.35390501 0.35618342 0.34923709
0.35030997 0.34759505 0.35583729 0.34772169 0.35547296 0.35056628 0.34937761 0.35473818 0.35140454 0.34886270
0.34936192 0.34762552 0.36739012 0.34822308 0.35189660 0.34870184 0.34807573 0.35206021 0.34739305 0.34752253
0.34888852 0.35082661 0.35412137 0.34610040 0.35045076 0.34827755 0.34845082 0.35051512 0.34654787 0.34596878
0.34727373 0.34633384 0.35146521 0.34776559 0.35169778 0.34648830 0.35137543 0.34956705 0.34523525 0.34485571
0.34656808 0.34396815 0.34992152 0.34442961 0.34895692 0.34593231 0.34607778 0.35064435 0.34442388 0.34422078
0.34582260 0.34963529 0.34948592 0.34282081 0.34846960 0.34481404 0.34558859 0.34802777 0.34377816 0.34286937
0.34596033 0.34286197 0.35330269 0.34234331 0.34663732 0.34494347 0.34398824 0.34785538 0.34275388 0.34238261
0.34379313 0.34005379 0.34819930 0.34198699 0.34712951 0.34340268 0.34296167 0.34695383 0.34223636 0.34077416
