# pytorch linear classifier ReLU CrossEntropyLoss SGD:
#  batch=64,lr=1e-02,momentum=0.9,epoch=64
0.58371097 0.57930857 0.38620570 0.52527082 0.74414086 0.58798397 0.47110364 0.52699727 0.56804353 0.52207118
0.76913118 0.77759075 0.77469897 0.77672750 0.78415126 0.77664119 0.77202296 0.77948982 0.77638221 0.77359223
0.80797619 0.81401873 0.81371659 0.81190383 0.81363028 0.81250811 0.81319869 0.81358713 0.81285340 0.81281555
0.81414819 0.81747162 0.81747162 0.81695366 0.81729895 0.81708318 0.81781691 0.81665158 0.81811905 0.81799352
0.81704003 0.81807590 0.81833482 0.81829166 0.81932753 0.81880963 0.81993181 0.81971598 0.82040656 0.81920171
0.81868011 0.82088137 0.81984550 0.82027709 0.82006127 0.82006127 0.82118350 0.82057923 0.82088137 0.82187700
0.82096767 0.82200354 0.82083821 0.82057923 0.82101083 0.82139927 0.82256466 0.82152879 0.82265097 0.82248110
0.82105398 0.82256466 0.82217616 0.82230568 0.82273728 0.82265097 0.82316887 0.82213300 0.82338470 0.82269686
0.82308257 0.82325524 0.82165825 0.82252145 0.82334155 0.82360047 0.82347101 0.82403213 0.82433426 0.82338727
0.82342786 0.82455003 0.82303941 0.82325524 0.82355732 0.82381630 0.82601750 0.82455003 0.82485217 0.82355988
0.82368684 0.82390261 0.82338470 0.82489532 0.82472271 0.82347101 0.82502484 0.82381630 0.82580173 0.82450914
0.82355732 0.82498163 0.82398897 0.82390261 0.82433426 0.82480901 0.82472271 0.82562906 0.82588804 0.82614887
0.82476586 0.82476586 0.82455003 0.82420474 0.82528377 0.82584488 0.82610387 0.82489532 0.82601750 0.82666665
0.82524061 0.82480901 0.82472271 0.82532692 0.82562906 0.82489532 0.82580173 0.82571542 0.82580173 0.82658035
0.82580173 0.82614702 0.82429105 0.82558590 0.82610387 0.82506800 0.82657862 0.82571542 0.82601750 0.82658035
0.82657862 0.82601750 0.82614702 0.82541329 0.82619017 0.82515430 0.82670808 0.82653546 0.82670808 0.82731390
0.82657862 0.82597435 0.82549959 0.82623333 0.82718289 0.82696706 0.82800293 0.82606071 0.82748502 0.82744336
0.82752818 0.82752818 0.82588804 0.82601750 0.82713974 0.82597435 0.82666492 0.82619017 0.82778710 0.82692558
0.82688075 0.82640600 0.82597435 0.82614702 0.82722604 0.82718289 0.82787347 0.82696706 0.82640600 0.82757282
0.82774395 0.82683760 0.82688075 0.82619017 0.82731235 0.82787347 0.82726920 0.82670808 0.82865036 0.82778859
0.82791662 0.82713974 0.82610387 0.82675129 0.82791662 0.82696706 0.82890934 0.82800293 0.82765764 0.82783169
0.82795978 0.82614702 0.82636279 0.82675129 0.82839137 0.82765764 0.82804608 0.82636279 0.82748502 0.82834953
0.82800293 0.82735550 0.82653546 0.82610387 0.82744181 0.82614702 0.82908195 0.82778710 0.82852089 0.82834953
0.82748502 0.82653546 0.82670808 0.82688075 0.82817560 0.82761449 0.82869351 0.82765764 0.82830507 0.82839268
0.82856405 0.82800293 0.82735550 0.82735550 0.82705337 0.82839137 0.82813239 0.82748502 0.82865036 0.82761598
0.82852089 0.82774395 0.82713974 0.82640600 0.82843453 0.82757133 0.82921147 0.82778710 0.82834822 0.82817692
0.82843453 0.82696706 0.82757133 0.82856405 0.82826191 0.82787347 0.82994521 0.82748502 0.82908195 0.82860839
0.82847768 0.82865036 0.82800293 0.82666492 0.82726920 0.82713974 0.82959992 0.82778710 0.82830507 0.82865155
0.82895249 0.82860720 0.82778710 0.82748502 0.82696706 0.82783031 0.82925463 0.82817560 0.82925463 0.82804745
0.82895249 0.82912511 0.82731235 0.82778710 0.82765764 0.82770079 0.82938409 0.82834822 0.82882297 0.82791799
0.82890934 0.82847768 0.82726920 0.82778710 0.82886618 0.82783031 0.82912511 0.82800293 0.82899565 0.82878101
0.82852089 0.82783031 0.82701021 0.82692391 0.82757133 0.82757133 0.82959992 0.82761449 0.82912511 0.82813376
0.82847768 0.82839137 0.82800293 0.82752818 0.82895249 0.82856405 0.82942724 0.82817560 0.82882297 0.82774544
0.82873666 0.82830507 0.82774395 0.82722604 0.82873666 0.82890934 0.83041996 0.82757133 0.82977253 0.82856524
0.82895249 0.82830507 0.82787347 0.82834822 0.82813239 0.82817560 0.82942724 0.82787347 0.82869351 0.82908309
0.82873666 0.82839137 0.82774395 0.82731235 0.82899565 0.82800293 0.82998836 0.82800293 0.82834822 0.82891047
0.82977253 0.82748502 0.82804608 0.82744181 0.82731235 0.82869351 0.83011782 0.82765764 0.82994521 0.82908309
0.82925463 0.82865036 0.82804608 0.82731235 0.82808924 0.82865036 0.82972938 0.82770079 0.82947040 0.82826322
0.82839137 0.82821876 0.82722604 0.82791662 0.82860720 0.82830507 0.83011782 0.82765764 0.82951355 0.82955772
0.82942724 0.82752818 0.82795978 0.82774395 0.82934093 0.82912511 0.83007467 0.82774395 0.82899565 0.82925564
0.82929778 0.82895249 0.82817560 0.82761449 0.82856405 0.82869351 0.82947040 0.82813239 0.82942724 0.82852209
0.82942724 0.82847768 0.82787347 0.82882297 0.82938409 0.82813239 0.82998836 0.82770079 0.82955676 0.82800430
0.82959992 0.82903880 0.82834822 0.82800293 0.82882297 0.82873666 0.83020413 0.82860720 0.82959992 0.82891047
0.83016098 0.82916826 0.82826191 0.82774395 0.82869351 0.82865036 0.82916826 0.82800293 0.82977253 0.82856524
0.82959992 0.82890934 0.82869351 0.82873666 0.82852089 0.82865036 0.83041996 0.82744181 0.82990205 0.82903993
0.82934093 0.82873666 0.82821876 0.82748502 0.82877982 0.82800293 0.83059257 0.82761449 0.82916826 0.82964402
0.82929778 0.82847768 0.82774395 0.82757133 0.82804608 0.82908195 0.82990205 0.82873666 0.82947040 0.82968718
0.83020413 0.82951355 0.82808924 0.82834822 0.82856405 0.82890934 0.83024734 0.82826191 0.82942724 0.82804745
0.82942724 0.82916826 0.82826191 0.82826191 0.82877982 0.82795978 0.82972938 0.82890934 0.82942724 0.82895362
0.82929778 0.82908195 0.82744181 0.82770079 0.82934093 0.82899565 0.83072209 0.82834822 0.82916826 0.82929879
0.83033365 0.82912511 0.82882297 0.82877982 0.82882297 0.82882297 0.83003151 0.82839137 0.82985884 0.82968718
0.82908195 0.82783031 0.82761449 0.82765764 0.82934093 0.82808924 0.83059257 0.82739866 0.82947040 0.82955772
0.83037680 0.82916826 0.82813239 0.82744181 0.82774395 0.82908195 0.83059257 0.82834822 0.82998836 0.82891047
0.83020413 0.82899565 0.82826191 0.82877982 0.82938409 0.82947040 0.83029050 0.82834822 0.82921147 0.82964402
0.83024734 0.82929778 0.82847768 0.82856405 0.82856405 0.82834822 0.83046311 0.82869351 0.82951355 0.82912624
0.82964307 0.82877982 0.82852089 0.82752818 0.82886618 0.82817560 0.83054942 0.82843453 0.82882297 0.82942826
0.82972938 0.82959992 0.82856405 0.82860720 0.82847768 0.82826191 0.83098108 0.82834822 0.82968622 0.82916939
0.83007467 0.82964307 0.82817560 0.82778710 0.82947040 0.82912511 0.83041996 0.82821876 0.82895249 0.82852209
0.82968622 0.82929778 0.82843453 0.82770079 0.82916826 0.82865036 0.82934093 0.82890934 0.82972938 0.82916939
0.82998836 0.82929778 0.82869351 0.82726920 0.82847768 0.82899565 0.83098108 0.82765764 0.82985884 0.82847899
0.82981569 0.82925463 0.82895249 0.82865036 0.82994521 0.82934093 0.83098108 0.82744181 0.82998836 0.82921249
0.82925463 0.82856405 0.82817560 0.82843453 0.82865036 0.82847768 0.83024734 0.82843453 0.82934093 0.82973033
0.82990205 0.82847768 0.82856405 0.82834822 0.82830507 0.82843453 0.82929778 0.82791662 0.83050627 0.82843584
0.82938409 0.82908195 0.82800293 0.82761449 0.82925463 0.82873666 0.83067894 0.82739866 0.82942724 0.82951456
0.82977253 0.82929778 0.82800293 0.82752818 0.82787347 0.82890934 0.83041996 0.82895249 0.82912511 0.82886732
