# pytorch linear classifier ReLU CrossEntropyLoss SGD:
#  batch=64,lr=1e-02,momentum=0.9,epoch=64
0.68770530 0.68662250 0.72520787 0.68532406 0.63378431 0.67516418 0.70992493 0.69364438 0.67408409 0.69439138
0.45140495 0.44589997 0.44886762 0.44699537 0.44065802 0.44544317 0.44979316 0.44687002 0.44896923 0.44791301
0.40483749 0.39948504 0.40076383 0.40080500 0.40181200 0.39954646 0.39829805 0.40093362 0.39997802 0.39929220
0.39379867 0.39562844 0.39326299 0.39153378 0.39276625 0.39288526 0.39161806 0.39570281 0.39034982 0.39307761
0.38884266 0.38881800 0.38929584 0.38786365 0.38961017 0.38817997 0.38669901 0.39018070 0.38893820 0.38762724
0.38652394 0.38730956 0.38754394 0.38512814 0.38676399 0.38663058 0.38508384 0.38769483 0.38381744 0.38496928
0.38613450 0.38437393 0.38732383 0.38444760 0.38416604 0.38433128 0.38375081 0.38634015 0.38254538 0.38269697
0.38257221 0.38393025 0.38577496 0.38222349 0.38616572 0.38233996 0.38211734 0.38655263 0.38022821 0.38171391
0.38105991 0.38723633 0.38301573 0.38297436 0.38282379 0.38215806 0.38076250 0.38470642 0.37905137 0.38093041
0.38100015 0.38138044 0.38305245 0.38003846 0.38096296 0.38051813 0.37873299 0.38310889 0.37880385 0.37943145
0.38280855 0.38037290 0.38198943 0.37946919 0.38072478 0.37977154 0.38352396 0.38296884 0.37849808 0.37994312
0.37883614 0.38439728 0.38077714 0.37869920 0.37961855 0.37908045 0.38141737 0.38126050 0.38273201 0.37836804
0.37810981 0.37957771 0.38048796 0.37834358 0.37999070 0.37962891 0.37747649 0.38236204 0.37835093 0.37811394
0.37747471 0.37874962 0.37981340 0.37779747 0.37867152 0.37816368 0.37611626 0.38018331 0.37593222 0.37662881
0.37702173 0.37880402 0.38000407 0.37810615 0.37904883 0.37784965 0.37723908 0.37988245 0.37544237 0.37657116
0.37728251 0.37894536 0.38027162 0.37696579 0.37804987 0.37796154 0.37705507 0.37953929 0.37499277 0.37639028
0.37620735 0.37778091 0.37877023 0.37724691 0.37839429 0.37804011 0.37764730 0.37941026 0.37485025 0.37630541
0.37608295 0.38001757 0.37832376 0.37648082 0.37849787 0.37687529 0.37848368 0.37887939 0.37564959 0.37615452
0.37702157 0.37802713 0.37973805 0.37694564 0.37801753 0.37650420 0.37505967 0.37880929 0.37498622 0.37650612
0.37624159 0.37697328 0.38043127 0.37903002 0.38029142 0.37630562 0.37423889 0.37849646 0.37456024 0.37533001
0.37523402 0.37734228 0.37783494 0.37734133 0.37819912 0.37600999 0.37464115 0.37825204 0.37477482 0.37581901
0.37631241 0.37688156 0.37826609 0.37675351 0.37718887 0.37705018 0.37555740 0.38535339 0.37379898 0.37668316
0.37523326 0.37820028 0.37743982 0.37546417 0.37748408 0.37577524 0.37393276 0.37839755 0.37336595 0.37433687
0.37487322 0.37662433 0.37835371 0.37530771 0.37616359 0.38006937 0.37735046 0.37821051 0.37420986 0.37425582
0.37829801 0.37858656 0.37743125 0.37779893 0.37628558 0.37680371 0.37368176 0.37802746 0.37386915 0.37427780
0.37487729 0.37703682 0.37736352 0.37690336 0.37600832 0.37530636 0.37392292 0.38091558 0.37341557 0.37425951
0.37454452 0.37588729 0.38003561 0.37727825 0.37576440 0.37530919 0.37314494 0.37811257 0.37741240 0.37367737
0.37568434 0.37566919 0.37765094 0.37490876 0.37666555 0.37576062 0.37300903 0.37765082 0.37365240 0.37356724
0.37465554 0.37576858 0.37704640 0.37618406 0.37905363 0.37589839 0.37400980 0.37711081 0.37375778 0.37371812
0.37471436 0.37607833 0.37674802 0.37470054 0.37691573 0.37635878 0.37536851 0.37717130 0.37281233 0.37386516
0.37390066 0.37596304 0.37659909 0.37469209 0.37553900 0.37484090 0.37297840 0.37866139 0.37253930 0.37377498
0.37557110 0.37698104 0.37951225 0.37481568 0.37921463 0.37784931 0.37281231 0.37726644 0.37335476 0.37511108
0.37450817 0.37712200 0.37712805 0.37458361 0.37567724 0.37518924 0.37360616 0.38029722 0.37248211 0.37343227
0.37395099 0.37631120 0.37705612 0.37480480 0.37613211 0.37650059 0.37329634 0.37824895 0.37246165 0.37307726
0.37373089 0.37521191 0.37665410 0.37462038 0.37656318 0.37463514 0.37253321 0.37699808 0.37398739 0.37352284
0.37383402 0.38448850 0.37699757 0.37472390 0.37776283 0.37623554 0.37253790 0.37664698 0.37241139 0.37330147
0.37358304 0.37554608 0.37954182 0.37502971 0.37574463 0.37516541 0.37317093 0.37789998 0.37269810 0.37333813
0.37618057 0.37524419 0.37673686 0.37464852 0.37561870 0.37599455 0.37642438 0.37707805 0.37320500 0.37332451
0.37401663 0.37884091 0.37642396 0.37431446 0.37503856 0.37503904 0.37343134 0.37844467 0.37271362 0.37418143
0.37452960 0.37713571 0.37777009 0.37458137 0.37513368 0.37529607 0.37492222 0.37872875 0.37204664 0.37317919
0.37478546 0.37496094 0.37621602 0.37420480 0.37510282 0.37446369 0.37826809 0.37967158 0.37429771 0.37303813
0.37339166 0.37629926 0.37633677 0.37439753 0.37507752 0.37420205 0.37358561 0.38072840 0.37522019 0.37284434
0.37323248 0.37525281 0.37611083 0.37442032 0.37546568 0.37493091 0.38125362 0.37666984 0.37291823 0.37246332
0.37551238 0.37630470 0.37605778 0.37513899 0.37846092 0.37487204 0.37339642 0.37692074 0.37373107 0.37348634
0.37333432 0.37641979 0.37717901 0.37406797 0.37511886 0.37477711 0.37265776 0.37647606 0.37270016 0.37268145
0.37319787 0.37518511 0.37617665 0.37461727 0.38073084 0.37408761 0.37266154 0.37639965 0.37312672 0.37277755
0.37388377 0.37476705 0.37657337 0.37536950 0.37540026 0.37623480 0.37254174 0.37694558 0.37869939 0.37291795
0.37300408 0.37596112 0.37601592 0.37406622 0.37540680 0.37665063 0.37196253 0.37644543 0.37241909 0.37350861
0.37331304 0.37481739 0.37584657 0.37405556 0.37496662 0.37414681 0.37218814 0.37635498 0.37322809 0.37270364
0.37367710 0.37616774 0.37784628 0.37407304 0.37504162 0.37413235 0.37273755 0.37926333 0.37247612 0.37234519
0.37450236 0.37944040 0.37905717 0.37414761 0.37522739 0.37461669 0.37265758 0.37632419 0.37358752 0.37273082
0.37737685 0.37521059 0.37720097 0.37697206 0.37910516 0.37386584 0.37263189 0.38545204 0.37166265 0.37323645
0.37335841 0.37446711 0.37611096 0.37485551 0.37593390 0.37476277 0.37332977 0.37644071 0.37163694 0.37300520
0.37304854 0.37528894 0.38938093 0.37467037 0.37905669 0.37377815 0.37269612 0.37613792 0.37162845 0.37288787
0.37371143 0.37588685 0.37638304 0.37411018 0.37572112 0.37393080 0.37193976 0.37595888 0.37166331 0.37294514
0.37318302 0.38125090 0.37650701 0.37383629 0.37466285 0.37404120 0.37382048 0.37608782 0.37173988 0.37252420
0.37335553 0.37495720 0.37651443 0.37603379 0.37637830 0.37451018 0.37185934 0.38009720 0.37244837 0.37339781
0.37475753 0.37564717 0.37551448 0.37427945 0.37487986 0.37392143 0.37375963 0.37636428 0.37263612 0.37302306
0.37404534 0.37536284 0.37604061 0.37451215 0.37458755 0.37388656 0.37475938 0.38113429 0.37201860 0.37288450
0.37277778 0.37545155 0.37616301 0.37524861 0.37634639 0.37409131 0.37202980 0.37944352 0.37203146 0.37295158
0.37272448 0.37447381 0.37587631 0.37383806 0.37478263 0.37631136 0.37273764 0.37629661 0.37356467 0.37268369
0.37345430 0.37457523 0.37581079 0.37378921 0.37528488 0.37420241 0.37196259 0.37687410 0.37471839 0.37311662
0.37639261 0.37432214 0.37573935 0.37435926 0.37459511 0.37517090 0.37323310 0.38121909 0.37460570 0.37247125
0.38026458 0.37450706 0.37578251 0.37365217 0.37449017 0.37391068 0.37288575 0.37656839 0.37402645 0.37433545
0.37500244 0.37686327 0.37574130 0.37373178 0.37459390 0.37637364 0.37196455 0.37590931 0.37687034 0.37266915
