# pytorch neural network ReLU CrossEntropyLoss SGD:
#  unit=[40],batch=64,lr=1e-02,momentum=0.9,epoch=64
0.73023017 0.71233208 0.67777855 0.71613290 0.72582454 0.71106837 0.70101071 0.63218387 0.77796293 0.71894208
0.46372493 0.44638104 0.44860401 0.43753741 0.43872712 0.44283475 0.44608002 0.43567691 0.44071954 0.45486266
0.38836525 0.38527950 0.38665259 0.38172632 0.38422174 0.38348371 0.38080663 0.38957595 0.38002634 0.38272567
0.37931422 0.37786729 0.37472532 0.37092049 0.37362096 0.37299878 0.37077589 0.37654170 0.37146482 0.37318623
0.37329976 0.37353077 0.36845851 0.36489862 0.36910536 0.36716774 0.36637747 0.37118637 0.36640284 0.36640186
0.36334032 0.37160442 0.36595008 0.36246452 0.37521381 0.36404635 0.36658122 0.36712504 0.36266851 0.36331707
0.35965672 0.37769430 0.36316828 0.35820069 0.36548132 0.36003931 0.35889975 0.36701004 0.35851869 0.36032639
0.35671856 0.36012663 0.35910472 0.35518464 0.35864588 0.35715381 0.35803862 0.36084890 0.35628893 0.35695006
0.35430060 0.35781183 0.35708622 0.35388972 0.35609621 0.35787881 0.35471154 0.35900719 0.35405320 0.35556265
0.35506090 0.35495821 0.35353215 0.35104674 0.35425684 0.35505814 0.35094434 0.35604998 0.35161682 0.35362987
0.35147368 0.35276568 0.35177806 0.34929920 0.35241414 0.35104687 0.34927357 0.35495327 0.35004589 0.35278497
0.34925238 0.35063263 0.35193514 0.34778128 0.35076910 0.35250760 0.34773571 0.35322867 0.34805329 0.35049755
0.34808760 0.34946706 0.34990503 0.34732490 0.35327517 0.34991132 0.34888686 0.35135386 0.34722072 0.34923774
0.34664787 0.34689766 0.35140539 0.34649091 0.35442384 0.34635547 0.34804047 0.34951947 0.34579491 0.34802524
0.34406283 0.34544571 0.35564816 0.34576030 0.35585113 0.34453607 0.34445502 0.35271123 0.34701896 0.34636207
0.34231177 0.34400717 0.34491295 0.34582264 0.34858393 0.34387308 0.34301824 0.35319402 0.34600307 0.34522615
0.34111027 0.34267693 0.34259532 0.35718799 0.34587782 0.34135050 0.34255558 0.34706096 0.34173751 0.34409372
0.34805711 0.34146856 0.34121867 0.34001996 0.34487550 0.34701837 0.34057375 0.34788004 0.33912652 0.34455635
0.34751784 0.33994048 0.34011373 0.34020852 0.34233195 0.34427223 0.34092717 0.34637958 0.33794258 0.34126579
0.34646616 0.33996423 0.33868783 0.33754832 0.34334072 0.33915035 0.33761910 0.34209394 0.33594063 0.34100373
0.34481949 0.33911694 0.33763164 0.33533233 0.34008362 0.33621448 0.33671129 0.34196931 0.33623482 0.33807078
0.33494268 0.33504977 0.33694010 0.33578488 0.33728213 0.33524305 0.33452683 0.33967942 0.33480797 0.33692751
0.33307202 0.33399707 0.33488660 0.33382594 0.33677451 0.33440145 0.33419888 0.33822499 0.33170589 0.33680751
0.33196945 0.33193318 0.33325351 0.33146844 0.33384264 0.33310545 0.33468722 0.33717992 0.33065429 0.33543688
0.33064377 0.33299742 0.33190064 0.33084060 0.33296515 0.33048251 0.33297301 0.33615519 0.33026862 0.33303174
0.32928979 0.33098373 0.33090197 0.32947813 0.33138275 0.33102920 0.33177619 0.33571917 0.32876330 0.33210936
0.32805721 0.32864020 0.32951360 0.32805432 0.32932002 0.32904624 0.33289940 0.33654296 0.33169749 0.33069448
0.32713916 0.32877727 0.32875282 0.32740965 0.33032131 0.33021183 0.33129371 0.33535569 0.33256392 0.32941249
0.32572844 0.32704378 0.32658760 0.33108516 0.32793141 0.33420866 0.32692291 0.33188964 0.32665933 0.32833166
0.32467758 0.32704986 0.32642147 0.33404183 0.32503114 0.32722367 0.32564712 0.33274294 0.32723485 0.32892690
0.32411822 0.32468116 0.32459855 0.32612947 0.32406174 0.32429179 0.32467770 0.33333582 0.32533234 0.32612151
0.32239995 0.32240247 0.32414667 0.32542198 0.32236055 0.32318438 0.32296195 0.33078547 0.32172373 0.32544767
0.32042782 0.32167320 0.32289071 0.32700649 0.32193484 0.32482345 0.32253783 0.32817147 0.31906104 0.32335523
0.32364532 0.32088771 0.32376532 0.32532162 0.32059225 0.32295181 0.32479491 0.32706664 0.31745653 0.32211464
0.32228294 0.31918411 0.32143239 0.32252751 0.31919256 0.32126492 0.32401827 0.32619894 0.31634220 0.32204923
0.32263487 0.31860966 0.32015118 0.31959586 0.31828459 0.32851314 0.31951312 0.32563818 0.31652534 0.32083492
0.32184943 0.31816981 0.31843657 0.31953024 0.31998633 0.31946167 0.31845364 0.32240495 0.31742130 0.31888841
0.32092043 0.31591911 0.31719144 0.32308159 0.31992764 0.31837167 0.31768955 0.32215117 0.31515279 0.31932177
0.32074812 0.31411428 0.31668603 0.32330844 0.31566698 0.31773466 0.31638804 0.32084684 0.31140296 0.31645257
0.31526037 0.31667230 0.31724636 0.31775655 0.31898456 0.31756570 0.31619391 0.32117576 0.31209027 0.31547109
0.31512322 0.31628141 0.31713728 0.31559534 0.31814064 0.31933535 0.31431609 0.32059986 0.30896445 0.31512606
0.31549569 0.31204018 0.31346190 0.31664144 0.31225461 0.31838311 0.31381041 0.31839125 0.30901910 0.31447813
0.31227635 0.31130488 0.31477995 0.31497530 0.31210772 0.31452512 0.31189272 0.31690406 0.30809391 0.31321119
0.31171213 0.31078428 0.31451429 0.31316034 0.31455980 0.31350320 0.31165716 0.31497844 0.30734602 0.31094260
0.31122073 0.30698623 0.31252760 0.31319492 0.31206947 0.31423760 0.31021074 0.31456681 0.30662310 0.30972100
0.30939982 0.30644969 0.32130436 0.31498116 0.30911953 0.31555970 0.30937156 0.31417997 0.30679800 0.30935327
0.30892282 0.30610186 0.32285526 0.31652221 0.30820344 0.31331472 0.31221601 0.31277002 0.30346467 0.30920504
0.30821501 0.30496203 0.31538721 0.31118152 0.30608778 0.31296722 0.31029775 0.31344091 0.30468280 0.30743313
0.30535123 0.30714594 0.32210883 0.31300678 0.30633291 0.31362150 0.30622735 0.31950298 0.30264367 0.30710237
0.30697432 0.30662448 0.33270090 0.31345814 0.30349887 0.30998149 0.30598430 0.32049079 0.30219935 0.30642525
0.30606266 0.30403274 0.30718689 0.30907675 0.30386800 0.31191598 0.30749983 0.30968168 0.30028275 0.30460376
0.30716182 0.30147836 0.30582564 0.30842795 0.30321933 0.31303583 0.32137874 0.31062347 0.30001701 0.30483927
0.30502930 0.30021324 0.30610785 0.30884637 0.30109196 0.30720237 0.31334233 0.30872281 0.30138352 0.30445166
0.30413112 0.30023209 0.30326093 0.31042573 0.30135280 0.30497300 0.30234317 0.31034080 0.30027171 0.30310856
0.30243977 0.29842029 0.30145944 0.30586913 0.30012470 0.30459406 0.30200556 0.30926225 0.29872888 0.30158357
0.30282039 0.29815931 0.30116443 0.30394873 0.29952878 0.30385881 0.30017085 0.30506477 0.29832964 0.30255811
0.30177578 0.29926778 0.29935447 0.30295204 0.29972558 0.30298806 0.30092748 0.30547895 0.29911784 0.30145166
0.30021005 0.29755882 0.29829019 0.30147449 0.30582369 0.30319610 0.30041295 0.30541144 0.29957625 0.29931788
0.30015681 0.29968632 0.29720980 0.30184568 0.29914500 0.30256210 0.29850628 0.30806825 0.29357403 0.29963996
0.29982633 0.30395119 0.30212376 0.30198429 0.29778397 0.30657225 0.29789651 0.30067467 0.29242766 0.29921953
0.29842390 0.29551966 0.30787181 0.29902160 0.29479938 0.31570500 0.29711149 0.30028404 0.29410992 0.29941099
0.29729017 0.29370623 0.29778897 0.29817618 0.29682769 0.30351749 0.29903598 0.30826863 0.29317112 0.29632420
0.29712361 0.29331742 0.29636162 0.29937401 0.30249847 0.29974622 0.29617585 0.30856412 0.29085543 0.29754139
0.30117746 0.29415753 0.29357825 0.30034021 0.29360601 0.30093925 0.29492737 0.29719983 0.29163223 0.29464609
0.30311768 0.29186748 0.29375780 0.29602315 0.29292108 0.29831399 0.29542706 0.29675909 0.29035447 0.29436059
