# pytorch neural network ReLU CrossEntropyLoss SGD:
#  unit=[40],batch=64,lr=1e-02,momentum=0.9,epoch=64
0.28145367 0.39432001 0.56964046 0.34356251 0.42884889 0.45388234 0.43333766 0.71621561 0.28046095 0.31533980
0.76550561 0.77690017 0.77750444 0.78225213 0.77992147 0.77668434 0.77482843 0.78277010 0.77625275 0.76906151
0.81945705 0.82191724 0.82208985 0.82260782 0.82053608 0.82053608 0.82325524 0.82131296 0.82351416 0.82360303
0.82610387 0.82584488 0.82597435 0.82683760 0.82739866 0.82688075 0.82895249 0.82580173 0.82713974 0.82701188
0.82951355 0.82774395 0.83128315 0.83128315 0.83124000 0.82839137 0.83236223 0.83046311 0.83029050 0.83115429
0.83231902 0.83072209 0.83370018 0.83434761 0.83404547 0.83180112 0.83339810 0.83154213 0.83283699 0.83300972
0.83210325 0.82830507 0.83456343 0.83452028 0.83335489 0.83499503 0.83443391 0.83331174 0.83400232 0.83395898
0.83577192 0.83270752 0.83611721 0.83710992 0.83529717 0.83482242 0.83810264 0.83456343 0.83572876 0.83564186
0.83516771 0.83352757 0.83564246 0.83883637 0.83572876 0.83650565 0.83637619 0.83391601 0.83641934 0.83611649
0.83702362 0.83538347 0.83788681 0.83952695 0.83883637 0.83555615 0.84000170 0.83603090 0.83862054 0.83805823
0.83710992 0.83961326 0.83939749 0.84159869 0.83875006 0.83875006 0.84000170 0.83797318 0.83987224 0.84004313
0.84013122 0.83944064 0.84000170 0.84310931 0.83905220 0.83965641 0.84125340 0.83792996 0.84121025 0.83999997
0.84146923 0.84095126 0.84069228 0.84414518 0.84259140 0.84146923 0.84237558 0.83892268 0.84332514 0.84224379
0.84220296 0.84306616 0.84133971 0.84470630 0.84138286 0.84306616 0.84518105 0.84151238 0.84228927 0.84323627
0.84479260 0.84276402 0.83952695 0.84418833 0.84047651 0.84483576 0.84384304 0.84267771 0.84522420 0.84535056
0.84548318 0.84354097 0.84203029 0.84716648 0.84341145 0.84565586 0.84677804 0.84108073 0.84587163 0.84586841
0.84677804 0.84569901 0.84664851 0.84099442 0.84703702 0.84664851 0.84751177 0.84453362 0.84643275 0.84660196
0.84941083 0.84630322 0.84574217 0.84781390 0.84703702 0.84828866 0.84915191 0.84470630 0.84682119 0.84746492
0.84556949 0.84669173 0.84720963 0.84971297 0.84910870 0.84716648 0.84699380 0.84362727 0.84867710 0.84970874
0.85027409 0.85044670 0.84759808 0.84984249 0.85053307 0.84936768 0.84928137 0.84785706 0.85005826 0.84914780
0.84660536 0.84751177 0.84811604 0.84997195 0.85100782 0.85182786 0.84979928 0.84725279 0.85113728 0.84979504
0.85165524 0.85152572 0.84863394 0.85234582 0.85182786 0.85161209 0.85130996 0.84716648 0.85001510 0.85173678
0.85545343 0.85143942 0.85014457 0.85048985 0.85161209 0.85351115 0.85040355 0.84975612 0.85182786 0.85234088
0.85381329 0.85247529 0.85100782 0.85316586 0.85342485 0.85238898 0.85225946 0.85083514 0.85217315 0.85259980
0.85566920 0.85251844 0.85118043 0.85303640 0.85502177 0.85372698 0.85130996 0.85079199 0.85372698 0.85337651
0.85571235 0.85320902 0.85213000 0.85562605 0.85372698 0.85463333 0.85502177 0.85139626 0.85372698 0.85264295
0.85730934 0.85450387 0.85389960 0.85623032 0.85549659 0.85497862 0.85139626 0.85130996 0.85588503 0.85411006
0.85748196 0.85523760 0.85471964 0.85834521 0.85657561 0.85696405 0.85368383 0.84992880 0.85411543 0.85751885
0.85799992 0.85614401 0.85368383 0.85571235 0.85623032 0.85372698 0.85579872 0.85251844 0.85774094 0.85747576
0.85951054 0.85661876 0.85441756 0.85635978 0.85705036 0.85601449 0.85774094 0.85381329 0.85536706 0.85825241
0.86071908 0.85657561 0.85597134 0.85584188 0.85959685 0.85713667 0.85717988 0.85273427 0.85985583 0.85812300
0.86106437 0.85748196 0.85674822 0.85899264 0.85994214 0.85791361 0.85869050 0.85398591 0.85873365 0.85868394
0.86089170 0.86080539 0.85774094 0.85765463 0.85942423 0.85916525 0.85765463 0.85515130 0.85989898 0.85898596
0.86166859 0.86058956 0.85756832 0.85765463 0.85899264 0.85730934 0.85972637 0.85696405 0.86192757 0.86006474
0.85881996 0.86089170 0.85903579 0.85851783 0.86153913 0.86093485 0.85713667 0.85605764 0.86110753 0.85851133
0.85972637 0.86067593 0.85920841 0.86041695 0.86097801 0.85726619 0.85877681 0.85722303 0.86382669 0.86122978
0.86054641 0.86153913 0.85968322 0.86145282 0.86231601 0.86110753 0.86153913 0.85830206 0.86231601 0.86187702
0.86326557 0.86222970 0.85890627 0.86020112 0.86115068 0.86076224 0.86067593 0.85951054 0.86274761 0.86282635
0.86080539 0.86343819 0.86015797 0.85899264 0.86287713 0.86089170 0.86222970 0.86175495 0.86615735 0.86261058
0.86369717 0.86447406 0.85955369 0.86248869 0.86391300 0.86326557 0.86339504 0.86063272 0.86460358 0.86472493
0.86477619 0.86304975 0.86002851 0.86166859 0.86231601 0.86123699 0.86218655 0.86054641 0.86594158 0.86455232
0.86378348 0.86572576 0.86184126 0.86067593 0.86546677 0.86184126 0.86395615 0.86007166 0.86611420 0.86325783
0.86468989 0.86611420 0.86184126 0.86296344 0.86917865 0.86356771 0.86533731 0.86317927 0.86766803 0.86550164
0.86542362 0.86447406 0.86145282 0.86365402 0.86477619 0.86382669 0.86529416 0.86378348 0.86736590 0.86727077
0.86650264 0.86879021 0.86365402 0.86210024 0.86598474 0.86339504 0.86645949 0.86486256 0.86848807 0.86873788
0.86581206 0.86848807 0.86464673 0.86412877 0.86762482 0.86205703 0.86611420 0.86559629 0.86693424 0.86748654
0.86680478 0.86913550 0.85722303 0.86210024 0.86805648 0.86292028 0.86594158 0.86451727 0.86999869 0.86740023
0.86814278 0.86982608 0.86663216 0.86425829 0.86853123 0.86516464 0.86486256 0.86615735 0.86973971 0.86740023
0.86861753 0.86995554 0.86007166 0.86499202 0.86818594 0.86179811 0.86697745 0.86615735 0.86948079 0.86696869
0.86904913 0.86956710 0.85851783 0.86197072 0.86986923 0.86507833 0.86809963 0.86020112 0.87073243 0.86761594
0.86848807 0.86969656 0.86693424 0.86507833 0.87181145 0.86723638 0.86818594 0.86645949 0.87207043 0.86856526
0.86676162 0.87375373 0.86891967 0.86222970 0.87176830 0.86283398 0.86300659 0.86723638 0.87034398 0.86860842
0.86874706 0.87250203 0.86792696 0.86861753 0.87258840 0.86784065 0.86240232 0.86784065 0.87068927 0.86882418
0.86904913 0.87150937 0.86866069 0.86197072 0.87254518 0.86779749 0.86943763 0.86831540 0.87176830 0.87046385
0.86822909 0.87453061 0.87047350 0.86745220 0.87466013 0.86835861 0.87146616 0.86529416 0.87185466 0.87119740
0.87038714 0.87375373 0.87068927 0.86684793 0.87353790 0.86900598 0.86922181 0.87030083 0.87306315 0.87124056
0.86948079 0.87176830 0.87064612 0.86702061 0.87474644 0.86831540 0.87055981 0.86775434 0.87159568 0.87244874
0.87077558 0.87543702 0.87038714 0.87155253 0.87068927 0.86822909 0.87189782 0.87060297 0.87241572 0.87357068
0.87150937 0.87448746 0.87401271 0.86844492 0.87332213 0.87064612 0.87129354 0.86611420 0.87517804 0.87141317
0.87081879 0.87030083 0.87224311 0.87064612 0.87453061 0.87090510 0.87202728 0.87094826 0.87677503 0.87296659
0.87103456 0.87366742 0.86615735 0.87189782 0.87612760 0.86343819 0.87297684 0.87090510 0.87483275 0.87331176
0.87224311 0.87457377 0.87289047 0.87086195 0.87591177 0.86870384 0.87198412 0.87159568 0.87526435 0.87352753
0.87232941 0.87612760 0.87245888 0.87094826 0.87185466 0.87043029 0.87284732 0.86870384 0.87694764 0.87335491
0.87120724 0.87401271 0.87431484 0.87073243 0.87638652 0.87103456 0.87466013 0.87414217 0.87621391 0.87516719
0.86999869 0.87625706 0.87435800 0.87340844 0.87863094 0.87267470 0.87509173 0.87314945 0.87578231 0.87581444
